"author_duel" "author_dull" "author_palata" "author_step" "pseudo_barynya" "pseudo_drama" "pseudo_tsvety" "pseudo_victory"
"и" 5.64545010581149 5.07955601727815 5.65536827807619 5.75777863913457 4.46797057240266 4.16464439051708 5.07328072153326 3.93187977832612
"в" 2.45482663193879 2.46596314724698 3.00055565845527 2.03671729095458 1.86614031939709 2.20085868956506 2.36753100338219 2.09538449091865
"не" 1.98274458733518 2.27459128437859 2.12385009569673 1.88167306811375 2.81715413601292 2.47153257420198 2.41089237707051 2.24909995550342
"на" 1.39671170437897 1.33960304007874 1.42001605235537 1.9873850382325 1.65081643638974 1.72297927944745 1.63038765068077 1.60996723433518
"я" 1.1134624776168 2.74481929028378 0.722355991850343 0.454561471510624 0.915126502781267 2.54433451558708 0.641748330587113 1.23376886048299
"что" 1.65391502523197 1.57471704303133 1.55584367475458 1.22978258571479 1.54315449488606 1.43177151390704 1.01465614430665 0.978924800776668
"он" 1.69949536057301 0.579583356115698 1.90158671358894 1.48349131399979 1.30988695496142 0.952025387343662 1.84719451912237 1.14882084058088
"с" 1.21764610125346 0.934988244299852 1.10514292770266 1.21568765636562 1.16633769962318 1.08082882210192 1.19677391379759 0.853525342825938
"как" 0.986488686309621 0.9021816392367 0.808791751558931 0.91264667535854 0.574197021352952 0.774687324995333 0.815193825340387 0.566320132680717
"а" 0.768354224320365 0.590518891136749 0.882879545594863 1.21568765636562 1.07661941503678 0.66268433824902 0.607059231636458 0.558229845070992
"то" 0.849747680286505 0.984198151894581 0.765573871704637 1.01131118080271 0.466535079849273 0.617883143550495 0.433613736883184 0.347882367218155
"его" 0.755331271365782 0.415550330799934 0.722355991850343 0.82807709926354 0.735689933608469 0.703752100056002 0.832538374815714 0.659358440192549
"к" 0.563242715285691 0.579583356115698 0.740877940359326 0.599034497339582 0.915126502781267 0.601082695538548 0.624403781111786 0.691719590631447
"она" 0.618590265342666 0.672535403794631 0.0740877940359326 0.295993516332499 0.538309707518392 0.520813888370357 1.00598386956899 1.00319566360584
"но" 0.546964024092463 0.688938706326207 0.629746249305427 0.348849501391874 0.179436569172797 0.625350009333582 0.433613736883184 0.436875530925124
"это" 0.644636171251831 0.645196566242003 0.561832438105822 0.377039360090208 0.412704109097434 0.552548067948479 0.355563264244211 0.444965818534849
"по" 0.446036138694449 0.519437913499918 0.629746249305427 0.641319285387082 0.556253364435672 0.429344782527534 0.520336484259821 0.481372112778609
"за" 0.446036138694449 0.431953633331511 0.388960918688646 0.412276683463124 0.66391530593935 0.541347769273847 0.615731506374122 0.622952145948788
"у" 0.599055835910793 0.699874241347258 0.5124405754152 0.493322527220832 0.68185896285663 0.397610602949412 0.624403781111786 0.347882367218155
"же" 0.498127950512779 0.530373448520969 0.561832438105822 0.331230839705416 0.358873138345595 0.500280007466866 0.390252363194866 0.485417256583472
"вы" 0.338596776819144 0.207775165399967 0.555658455269494 0.140949293491666 0.269154853759196 0.677618069815195 0.260168242129911 0.711945309655758
"мне" 0.244180367898421 0.956859314341954 0.228437364944125 0.123330631805208 0.179436569172797 0.784020907224193 0.0953950221143006 0.368108086242466
"из" 0.364642682728309 0.333533818142053 0.487744644069889 0.447514006836041 0.358873138345595 0.429344782527534 0.381580088457202 0.509688119412645
"от" 0.429757447501221 0.388211493247307 0.401308884361301 0.503893724232707 0.322985824511035 0.397610602949412 0.390252363194866 0.453056106144573
"бы" 0.537196809376526 0.492099075947291 0.302525158980058 0.250184995947708 0.376816795262875 0.472279260780287 0.407596912670193 0.400469236681364
"меня" 0.263714797330295 0.809229591557767 0.179045502253504 0.16913915219 0.305042167593756 0.729886130296808 0.121411846327292 0.238663484486873
"ее" 0.358131206251017 0.349937120673629 0.0740877940359326 0.179710349201875 0.322985824511035 0.455478812768341 0.737143352701414 0.566320132680717
"было" 0.315806609148624 0.158565257805238 0.314873124652713 0.503893724232707 0.233267539924637 0.390143737166324 0.433613736883184 0.408559524291089
"так" 0.413478756307993 0.322598283121002 0.308699141816386 0.387610557102083 0.520366050601113 0.347209258913571 0.320874165293557 0.368108086242466
"когда" 0.345108253296435 0.475695773415714 0.345743038834352 0.324183375030833 0.197380226090077 0.341609109576255 0.286185066342902 0.396424092876502
"ты" 0.403711541592056 0.207775165399967 0.0246959313453109 0.239613798935833 1.25605598420958 0.308008213552361 0.130084121064955 0.529913838436956
"только" 0.3711541592056 0.431953633331511 0.284003210471075 0.303040981007083 0.448591422931994 0.287474332648871 0.23415141791692 0.323611504388981
"о" 0.234413153182484 0.492099075947291 0.308699141816386 0.503893724232707 0.233267539924637 0.225872689938398 0.303529615818229 0.295295497754945
"сказал" 0.566498453524337 0.0109355350210509 0.339569055998024 0.274851122308749 0.287098510676476 0.289341049094643 0.190790044228601 0.33979207960843
"ему" 0.468826306364968 0.125758652742085 0.506266592578873 0.320659642693541 0.412704109097434 0.171737913011014 0.355563264244211 0.295295497754945
"всё" 0.293016441478105 0.284323910547324 0.35191702167068 0.253708728284999 0.233267539924637 0.324808661564308 0.23415141791692 0.218437765462562
"ни" 0.136741006023116 0.322598283121002 0.253133296289436 0.221995137249375 0.287098510676476 0.334142243793168 0.23415141791692 0.210347477852838
"да" 0.270226273807586 0.103887582699984 0.234611347780453 0.352373233729166 0.412704109097434 0.281874183311555 0.173445494753274 0.17798632741394
"был" 0.192088556080091 0.0984198151894581 0.203741433598815 0.200852743225625 0.269154853759196 0.322941945118537 0.23415141791692 0.307430929169532
"или" 0.354875468012372 0.437421400842036 0.345743038834352 0.186757813876458 0.071774627669119 0.179204778794101 0.0260168242129911 0.113264026536143
"если" 0.312550870909979 0.311662748099951 0.197567450762487 0.0599034497339582 0.143549255338238 0.25760686951652 0.173445494753274 0.222482909267424
"еще" 0.126973791307179 0.24058177046312 0.172871519417176 0.264279925296874 0.233267539924637 0.248273287287661 0.16477322001561 0.279114922535496
"теперь" 0.149763958977698 0.289791678057849 0.185219485089831 0.257232460622291 0.125605598420958 0.194138510360276 0.130084121064955 0.182031471218802
"себя" 0.211622985511965 0.235114002952594 0.284003210471075 0.137425561154375 0.161492912255518 0.171737913011014 0.182117769490937 0.145625176975041
"него" 0.240924629659775 0.0820165126578818 0.35191702167068 0.246661263610416 0.161492912255518 0.13813701698712 0.242823692654583 0.093038307511832
"чтобы" 0.270226273807586 0.256985072994696 0.209915416435142 0.158567955178125 0.0358873138345595 0.125070001866716 0.16477322001561 0.198212046438251
"уже" 0.156275435454989 0.213242932910493 0.253133296289436 0.172662884527291 0.161492912255518 0.190405077468733 0.112739571589628 0.17798632741394
"вас" 0.205111509034674 0.136694187763136 0.228437364944125 0.0317135910356249 0.107661941503678 0.224005973492626 0.156100945277946 0.238663484486873
"ей" 0.23766889142113 0.158565257805238 0.00617398283632772 0.0599034497339582 0.161492912255518 0.15867089789061 0.442286011620848 0.226528053072287
"до" 0.195344294318737 0.131226420252611 0.148175588071865 0.123330631805208 0.071774627669119 0.181071495239873 0.182117769490937 0.2143926216577
"мы" 0.188832817841446 0.164033025315764 0.0926097425449157 0.112759434793333 0.0358873138345595 0.231472839275714 0.130084121064955 0.165850895999353
"для" 0.198600032557382 0.224178467931544 0.179045502253504 0.0845695760949998 0.143549255338238 0.153070748553295 0.277512791605238 0.137534889365317
"нет" 0.143252482500407 0.273388375526273 0.290177193307403 0.10571197011875 0.125605598420958 0.162404330782154 0.112739571589628 0.117309170341006
"они" 0.166042650170926 0.207775165399967 0.086435759708588 0.183234081539166 0.071774627669119 0.121336568975173 0.199462318966265 0.234618340682011
"все" 0.198600032557382 0.196839630378916 0.148175588071865 0.23256633426125 0.0358873138345595 0.13813701698712 0.121411846327292 0.105173738926419
"чем" 0.0846491942047859 0.251517305484171 0.166697536580848 0.193805278551041 0.071774627669119 0.166137763673698 0.0953950221143006 0.165850895999353
"вам" 0.130229529545825 0.131226420252611 0.148175588071865 0.0493322527220832 0.107661941503678 0.224005973492626 0.156100945277946 0.202257190243113
"их" 0.153019697216344 0.256985072994696 0.160523553744521 0.14799675816625 0.0358873138345595 0.123203285420945 0.121411846327292 0.145625176975041
"очень" 0.143252482500407 0.202307397889442 0.166697536580848 0.186757813876458 0.107661941503678 0.100802688071682 0.199462318966265 0.137534889365317
"была" 0.113950838352596 0.12029088523156 0.0802617768722603 0.0845695760949998 0.125605598420958 0.149337315661751 0.199462318966265 0.230573196877149
"во" 0.117206576591242 0.136694187763136 0.172871519417176 0.1268543641425 0.161492912255518 0.154937464999067 0.0953950221143006 0.121354314145868
"быть" 0.139996744261761 0.147629722784187 0.086435759708588 0.10571197011875 0.0897182845863987 0.175471345902557 0.104067296851964 0.129444601755592
"глаза" 0.0683705030115579 0.0984198151894581 0.0926097425449157 0.200852743225625 0.143549255338238 0.136270300541348 0.199462318966265 0.161805752194491
"ничего" 0.159531173693635 0.158565257805238 0.123479656726554 0.197329010888333 0.179436569172797 0.0933358222885944 0.173445494753274 0.0849480199021075
"лицо" 0.123718053068533 0.0984198151894581 0.0926097425449157 0.151520490503541 0.161492912255518 0.121336568975173 0.208134593703929 0.169896039804215
"раз" 0.0618590265342666 0.125758652742085 0.117305673890227 0.112759434793333 0.161492912255518 0.16800448011947 0.225479143179256 0.137534889365317
"себе" 0.113950838352596 0.158565257805238 0.123479656726554 0.137425561154375 0.0897182845863987 0.141870449878663 0.112739571589628 0.133489745560455
"время" 0.123718053068533 0.169500792826289 0.197567450762487 0.0916170407695831 0.071774627669119 0.123203285420945 0.138756395802619 0.129444601755592
"егорушка" 0 0 0 0.644843017724374 0 0 0.537681033735149 0
"ли" 0.120462314829888 0.0929520476789327 0.0802617768722603 0.0916170407695831 0.107661941503678 0.179204778794101 0.104067296851964 0.149670320779904
"вот" 0.172554126648217 0.12029088523156 0.123479656726554 0.19028154621375 0.0897182845863987 0.0933358222885944 0.104067296851964 0.093038307511832
"со" 0.143252482500407 0.153097490294713 0.142001605235537 0.130378096479791 0.161492912255518 0.113869703192085 0.0953950221143006 0.101128595121557
"были" 0.10418362363666 0.0546776751052545 0.0987837253812434 0.1268543641425 0.125605598420958 0.151204032107523 0.0867227473766369 0.182031471218802
"человек" 0.146508220739053 0.125758652742085 0.154349570908193 0.151520490503541 0.0358873138345595 0.112002986746313 0.147428670540283 0.0849480199021075
"под" 0.113950838352596 0.0765487451473563 0.0926097425449157 0.179710349201875 0.161492912255518 0.102669404517454 0.104067296851964 0.149670320779904
"даже" 0.0911606706820772 0.12029088523156 0.209915416435142 0.0634271820712499 0.0179436569172797 0.16800448011947 0.16477322001561 0.0444965818534849
"нибудь" 0.110695100113951 0.196839630378916 0.148175588071865 0.0880933084322915 0.0358873138345595 0.0952025387343663 0.130084121064955 0.0849480199021075
"где" 0.120462314829888 0.0492099075947291 0.0802617768722603 0.162091687515416 0.0538309707518392 0.104536120963226 0.0433613736883184 0.141580033170179
"потом" 0.156275435454989 0.174968560336814 0.203741433598815 0.193805278551041 0.0358873138345595 0.0466679111442972 0 0.0364062942437604
"мой" 0.0846491942047859 0.18043632784734 0.179045502253504 0.0669509144085415 0.0538309707518392 0.134403584095576 0.0433613736883184 0.0606771570729339
"тебе" 0.120462314829888 0.0820165126578818 0.0123479656726554 0.0810458437577082 0.394760452180154 0.0914691058428225 0.0607059231636458 0.186076615023664
"есть" 0.143252482500407 0.0874842801684072 0.13582762239921 0.0951407731068748 0.125605598420958 0.0709352249393317 0.0867227473766369 0.141580033170179
"этот" 0.0748819794888491 0.06014544261578 0.043217879854294 0.0563797173966665 0.0358873138345595 0.169871196565242 0.182117769490937 0.113264026536143
"ну" 0.0944164089207228 0.0437421400842036 0.0493918626906217 0.116283167130625 0.179436569172797 0.104536120963226 0.121411846327292 0.157760608389628
"кто" 0.0683705030115579 0.109355350210509 0.0740877940359326 0.140949293491666 0.0897182845863987 0.115736419637857 0.0433613736883184 0.0970834513166943
"тебя" 0.0846491942047859 0.0437421400842036 0 0.0845695760949998 0.287098510676476 0.119469852529401 0.0173445494753274 0.190121758828526
"фон" 0.397200065114765 0 0 0 0 0 0 0.258889203511185
"граф" 0 0 0 0 0 0.322941945118537 0 0.0444965818534849
"спросил" 0.10418362363666 0.0109355350210509 0.0493918626906217 0.172662884527291 0.161492912255518 0.106402837408998 0.0433613736883184 0.0889931637069698
"нее" 0.113950838352596 0.103887582699984 0.0123479656726554 0.0739983790831248 0.0538309707518392 0.100802688071682 0.225479143179256 0.0849480199021075
"будет" 0.169298388409572 0.0710809776368309 0.0679138111996049 0.0704746467458332 0.161492912255518 0.0840022400597349 0.0780504726389732 0.076857732292383
"свою" 0.0976721471593684 0.12029088523156 0.086435759708588 0.0493322527220832 0.143549255338238 0.106402837408998 0.0520336484259821 0.109218882731281
"этого" 0.0813934559661403 0.0984198151894581 0.086435759708588 0.0458085203847916 0.0538309707518392 0.119469852529401 0.0953950221143006 0.101128595121557
"того" 0.0618590265342666 0.109355350210509 0.0555658455269494 0.0493322527220832 0.143549255338238 0.12880343475826 0.0867227473766369 0.093038307511832
"илька" 0 0 0 0 0 0 0 0.687674446826585
"нас" 0.058603288295621 0.109355350210509 0.111131691053899 0.0352373233729166 0.0538309707518392 0.126936718312488 0.0607059231636458 0.105173738926419
"после" 0.0716262412502035 0.0710809776368309 0.111131691053899 0.0634271820712499 0.0538309707518392 0.117603136083629 0.0693781979013095 0.0970834513166943
"день" 0.0748819794888491 0.0710809776368309 0.142001605235537 0.0634271820712499 0.107661941503678 0.0877356729512787 0.190790044228601 0.0647223008777962
"нужно" 0.0781377177274947 0.147629722784187 0.0802617768722603 0.0246661263610416 0.0538309707518392 0.108269553854769 0.130084121064955 0.0849480199021075
"лаевский" 0.540452547615172 0 0 0 0 0 0 0
