"bekhterev_bessmertie" "bekhterev_licnost" "bekhterev_vnushenie" "berdyaev_nerav" "berdyaev_smysl" "berdyaev_smysl2" "bulgakov_istoriya" "bulgakov_vvedenie" "fedorov_samoderzhavie" "fedorov_vopros" "florensky_stolp" "florensky_vodorazdely" "gorsky_istoriya1" "gorsky_istoriya2" "gorsky_vasiliy" "gumilevsky_otcy" "gumilevsky_rus" "gumilevsky_vvedenie" "karamzin_igr1" "karamzin_igr2" "kareev_istorica" "kareev_obschiy" "klyuchevky_boyarskaya1" "klyuchevky_boyarskaya2" "klyuchevky_skazania" "lenin_imp" "lenin_mat" "orlinsky_besedy" "orlinsky_orthodox" "pavlov_otvet" "pavlov_reflex" "pavlov_types" "platonov_godunov" "platonov_grozny" "rozhkov_trud" "rzhanicyn_deva" "rzhanicyn_lik1" "rzhanicyn_lik2" "sechenov_reflexy1" "sechenov_reflexy2" "solovjev_nachala" "solovjev_opravdanie" "solovyev_rossii1" "solovyev_rossii2" "ukhtomsky_dominant1" "ukhtomsky_dominant2"
"и" 4.13665743305632 4.68765133171913 3.8341831666777 5.85776265643339 4.85125580360304 4.24573646170826 4.55447372064049 5.70027461749706 4.85399019170753 4.47410055682262 4.63634392541377 4.28400308234594 3.60356554433695 4.14491863678232 3.51148730350665 4.31120502435875 4.9033474776049 4.23104070268999 4.83252754910928 4.3522383487152 4.25381550259379 4.87922997760155 3.81669220009325 4.19739753450637 3.97221901351507 3.8364872856298 3.8140282737163 6.20189762593151 6.49128522560678 3.93929944912171 4.19045676998369 3.65790829469346 5.40081799591002 5.6134103735555 4.99789473684211 4.97093268177606 5.38687561214496 5.50042262780578 3.28253968253968 3.76469219131851 4.05029600941771 4.68925692978447 3.72717707495203 4.12019484423504 3.30747841358115 3.22809088226616
"в" 4.03508771929825 3.69975786924939 4.18515330110589 3.17284487874352 3.89637976552938 4.03567486737637 4.35143740482673 3.23656335817968 3.85086937137762 3.27004869629538 2.69339179455058 3.21357452944632 3.54864602255925 2.96284924777403 3.4776299879081 3.51881199741739 3.88495992456388 3.10171751235197 3.85034191384642 3.45421820549152 3.89294038042252 4.50390459470912 4.38952907480184 4.17500790222316 4.04297100612221 3.81061502069781 2.74488922299484 2.86272753186464 2.38095238095238 2.67123999584243 3.04853181076672 2.51588528250043 3.58282208588957 3.59446385380274 3.86315789473684 3.07523801499705 3.23212536728697 3.2651911216855 3.30793650793651 3.46793902013267 2.82701789705355 2.95182339840548 2.94732933094015 2.88830811891879 4.1270305868579 4.21953378577752
"не" 1.63434903047091 1.30750605326877 1.43699092775313 2.27083910274162 2.26681906919817 1.67159183964112 0.982880347007522 1.52216555511965 2.17900133749443 2.52933078551028 1.89356525090944 1.69834209462192 1.73207722529678 2.44089653054959 1.54776299879081 1.54369900804132 1.68788307402169 1.85867775076465 1.20867633607736 1.41883353119136 1.47206976919029 1.09570797263757 1.32818224205688 1.58702981772205 1.03673327942705 0.909225310467179 1.67575017227338 1.32345156167284 1.21355269587881 1.36160482278349 0.65252854812398 0.858663918942126 1.57668711656442 1.23958613276001 1.21473684210526 1.69348723565591 1.23218855644371 1.57467989856933 1.24444444444444 0.989177237286163 1.71804889700237 2.08999833148346 1.28736770440057 1.67114513932344 0.995170496121762 1.06226025376217
"на" 1.01569713758079 1.1138014527845 1.26481689954308 0.801782912001688 0.527002559148704 0.747676861181329 1.08901296663744 0.768928991761475 0.986402139991083 0.805440835028458 0.814281240212966 0.877400453196408 0.878712348443243 1.08996008596868 1.34461910519952 1.01543699008041 1.05296243910105 0.666614383185632 1.02574153926565 1.05694481675794 0.923238854221487 1.33583550255262 1.27356291214281 1.16821199030661 1.54932424627469 1.04967474866943 0.801854288041095 0.871441951378426 1.07237878047456 1.1953019436649 1.20309951060359 1.23647604327666 1.50511247443763 1.50833109379199 1.20210526315789 0.766703176341731 0.682442892799596 0.851516764236296 1.13650793650794 1.1811939951123 0.429938750789074 0.726892859474635 1.66367518722535 1.89077434632704 1.11224937801844 1.11537326645028
"с" 0.87719298245614 1.21065375302663 1.01980001324416 0.663317113054028 0.602866651156674 1.02716559262292 1.02902496423792 0.73362102785406 0.691038787338386 0.753046086831453 0.573369630682503 1.16732408120913 1.03924633517807 1.21277249002149 1.26723095525998 0.930328109408934 1.0969668395411 0.588189161634382 1.36112200008711 1.57967295982844 0.930757085933388 1.07552918861109 1.50536201958303 1.36049942050363 1.23599399330022 1.33426966292135 0.95324604815302 0.525308466017836 0.480534288972145 1.1953019436649 1.22349102773246 1.21930276489782 1.0920245398773 1.3269282450954 0.785263157894737 0.657174151150055 0.578180784177435 0.735685439689447 0.984126984126984 1.07063889212149 0.66196918772286 0.858197857044404 1.41734232840255 1.86623477012552 0.892726474462169 1.2215992918265
"что" 1.36657433056325 1.23002421307506 1.51645586385008 0.578918911790692 0.64939662758823 1.24078755296044 1.07516958146832 1.11416241663397 0.863798484172983 0.874273151287267 1.21178539593823 0.823993469088801 1.44480588061341 1.27801657967455 0.957678355501814 1.2032634853554 0.942951438000943 1.42733903223277 0.825384380852825 0.800367632979742 1.04052326892715 0.700203805718667 0.694065143542263 0.774417869560636 0.948654268222248 0.761383796570077 1.52018208774458 0.659689701510771 0.985502524841179 1.16412015383016 1.03996737357259 0.910183754078654 1.0838445807771 0.866702499328138 0.861052631578947 1.31434830230011 0.96679409813276 0.970478665122249 1.51746031746032 1.55940882113348 1.1789193523621 1.05406719043577 1.17719873738937 1.22207089483565 1.33177228157471 1.46946001770434
"к" 0.692520775623269 0.861985472154964 0.595987020727104 0.855850509686012 0.954876038073659 1.06098906967636 0.756771722578561 0.776775205963123 0.958537672759697 0.989336127719904 0.640824881351032 0.637831981627997 0.650585104135862 1.22812404052809 1.13180169286578 0.780653870986676 0.911519723400911 0.556819073013881 0.566226752036239 0.760157775820473 0.77137057364108 0.680025021692193 0.594151735162859 0.604520071646823 0.628104424165415 0.805736250739208 0.76948777381027 0.899947061937533 0.711299342998317 0.467726847521048 0.58115823817292 0.446505237849906 0.738241308793456 0.823031443160441 0.673684210526316 0.623472912629539 0.726675302518088 0.763860626741383 0.755555555555556 0.541138135691842 0.697797416955283 0.763890400226338 0.872686761156155 1.20121225506436 0.812234743158203 0.773089406904692
"как" 1.13573407202216 1.02663438256659 0.847625985034104 0.425947172000897 0.798090247923853 0.770819240217894 0.535277559872641 0.898391526088662 1.02541239411502 1.02734800386283 1.12264810041196 0.918600126650848 0.743525833298128 0.875038378876266 0.469165659008464 0.789458237952691 0.594059405940594 1.03129166339895 0.274402195217562 0.277639489909241 0.932260732275769 0.696168048913372 0.488909611669886 0.600568960067432 0.402853182395749 0.547013601419279 0.848837937731003 1.07097772529218 0.928489982081772 0.883484045317535 0.999184339314845 0.978876867594024 0.415132924335378 0.382961569470572 0.507368421052632 0.884657511163535 0.881488736532811 0.87030022227092 0.698412698412698 0.773885720935645 1.78799924931329 1.0395583509253 0.610261806028347 0.560729316204709 0.702473291380067 0.920625553260549
"по" 0.397045244690674 0.37772397094431 0.569498708694788 0.272975432211101 0.358078514277622 0.334674404528786 1.038253887684 0.765005884660651 0.512706197057512 0.439704945653291 0.47339131272736 0.614180317237486 0.646360525537578 0.568007368744243 0.720677146311971 0.818806127839408 0.810938236680811 0.745039604736883 0.381114160024391 0.216367326618925 0.448086610029321 0.375325382892427 0.987144474788517 1.16294384153408 1.40493242462747 0.476788882318155 0.460439766961098 0.643401066905567 0.724873757941033 0.426151127741399 0.540375203915171 0.352052206766272 0.791411042944785 0.702096210696049 0.416842105263158 0.960485297834695 0.698240181984771 0.69185737094199 0.571428571428571 0.465495170487606 0.711446266186682 0.502005847062323 0.839264714984217 0.580360977165924 0.621981560076101 0.542933018589554
"но" 0.775623268698061 0.37772397094431 0.463545460565525 0.727934485896269 0.711099422421379 0.485989959767864 0.438373863688801 0.400156924284033 0.445831475702185 0.600998582259755 0.809463008022357 0.785845623297652 0.692830890118711 0.905741479889469 0.667472793228537 0.595762164700358 0.60977526324061 0.521527723315818 0.775295091249619 0.786964347259985 0.487181414931208 0.490344451843332 0.519549723572904 0.524180802865873 0.490932193600554 0.354819633353046 0.448954874814676 0.525308466017836 0.347505022533529 0.519696497245609 0.438417618270799 0.540958268933539 0.458077709611452 0.497178177909164 0.515789473684211 0.564495745218637 0.423367350162712 0.566634317377829 0.323809523809524 0.314209240079134 0.713152372340607 0.787104543443093 0.620164634523736 0.74232218009595 0.548807258890678 0.442608439067572
"его" 0.378578024007387 0.290556900726392 0.516522084630157 0.427265893895636 0.520933431788066 0.393420443621604 0.415301555073601 0.600235386426049 0.328800713330361 0.35957180135199 0.605892697969115 0.568402902288108 1.30117020827172 1.53131716303347 1.17533252720677 0.824675705816752 0.773220179160773 0.576425378401694 0.640271788840977 1.01290544939302 0.293211036764153 0.330932058034183 0.579497768600546 0.636128964281951 0.428843710292249 0.229154346540509 0.389442251874126 0.712627763977685 0.993647173806809 0.436545057686311 0.418026101141925 0.498025072986433 0.948875255623722 0.980919107766729 0.322105263157895 0.395989552616059 0.925721146251303 0.889083680305544 0.4 0.581868963109508 0.701209629263133 0.612998469317432 0.563223370675249 1.03311615808395 0.343919215571491 0.336382413691354
"а" 0.655586334256694 0.358353510895884 0.264883120323157 0.404847621685063 0.636246851640182 0.302631110478157 0.567578791933921 0.816006276971361 1.05327686134641 1.03967617990918 0.796212869498181 0.875111582448939 0.274597608888513 0.310868897758674 0.207980652962515 0.490109761108176 0.559484519880559 0.721512038271508 0.302713532819374 0.402098571592693 0.521765280805954 0.347075085255363 0.472923466329181 0.615056369191866 0.288783643294444 0.528533412182141 0.575288688425317 0.366494278617095 0.371938969430418 0.800332605758237 0.550570962479608 0.455091877039327 0.607361963190184 0.500537489922064 0.484210526315789 0.395989552616059 0.328583615051657 0.281751870519363 0.387301587301587 0.448039101594321 0.810400423114326 0.836434597778697 0.362691093643622 0.741095201285874 0.490267817942339 0.4131012097964
"от" 0.415512465373961 0.348668280871671 0.390702602476657 0.551225752001161 0.628154681825998 0.414782639655357 0.627566794333441 0.568850529619459 0.679893000445831 0.67907703055333 0.554096701920066 0.40665603613364 0.667483418529002 0.675468222290451 0.71584038694075 0.501848917062863 0.493477919220493 0.63132303348757 0.588004704037632 0.434649408340673 0.446582963686941 0.482272938232742 0.427629387863851 0.363502265303972 0.570347695506527 0.428740390301597 0.646286203512289 0.920307855194038 0.640712385296194 0.457332917576136 0.356851549755302 0.369225485145114 0.525562372188139 0.537489922063961 0.301052631578947 1.38175077934114 0.881488736532811 0.842125035218984 0.596825396825397 0.616781100896078 0.571545561564841 0.615174795244002 0.555796249303707 0.501834333321064 0.607346699839017 0.607848922986132
"или" 0.738688827331487 0.387409200968523 1.06615455930071 0.17407129010563 0.168924044871082 0.131733542208139 0.489132942642241 0.447234209493919 0.646455639768168 0.512646653927551 0.468573080536751 0.525677315002022 0.23657640150395 0.176542830825913 0.183796856106409 0.249457064037096 0.22002200220022 0.486236373617755 0.609782656039026 0.442308428751963 1.12322381775806 0.264342070746817 0.587490841270899 0.541302286376567 0.477936929652304 0.365907746895328 0.53352544425651 0.561957893879546 0.803605364608785 0.38457540796175 0.632137030995106 0.807144083805598 0.269938650306748 0.255307712980382 0.517894736842105 0.278035217794254 0.246437711288743 0.228532072754594 0.457142857142857 0.442220411963226 1.98761366932251 1.01561876573302 0.311939097604753 0.163188181740101 0.490267817942339 0.513425789318383
"о" 0.526315789473684 0.387409200968523 0.331103900403947 0.270337988421622 0.400562405802086 0.357816783565351 0.526048636426561 0.710082385249117 0.49598751671868 0.626682282356325 0.504709821966321 0.534069841076074 0.557644374973596 0.698495548050353 0.652962515114873 1.23261137524212 0.656922835140657 1.37636263822445 0.487826124831221 0.266150959292307 0.666115329674461 0.185644813043566 0.39432491840405 0.619007480771257 0.440395056024027 0.325251330573625 0.59094990498862 0.826648206214114 1.23255687679861 0.322211828292277 0.224306688417618 0.188906062167268 0.541922290388548 0.513974737973663 0.381052631578947 1.17111803858792 1.16268048402894 0.979870394139561 0.292063492063492 0.459676480856511 0.281507515397608 0.267688088968204 0.523612056693693 0.230672016294279 0.343919215571491 0.436706993213337
"то" 0.544783010156971 0.455205811138015 0.536388318654394 0.249238438105788 0.294352676990927 0.676469541068822 0.429144940242721 0.404080031384857 0.334373606776638 0.469498037765313 0.808258449974704 0.589002739015328 0.540746060580457 0.52195271722444 0.522370012091898 0.481305394142161 0.436900832940437 0.713669516116383 0.256979833616447 0.329337877685444 0.568378317419743 0.373307504489779 0.275761007127156 0.233115583184069 0.216587732470833 0.273506800709639 0.5951262294055 0.456081768945718 0.377368735407504 0.769150815923501 0.795269168026101 0.618238021638331 0.441717791411043 0.366165009406074 0.374736842105263 0.581346364478895 0.353859277747938 0.363146855336067 0.577777777777778 0.820435237984406 1.32052616313787 0.649270568093611 0.589218295475645 0.603673574557367 0.490267817942339 0.637356152257303
"из" 0.350877192982456 0.338983050847458 0.43705714853321 0.387704237053448 0.367182205318579 0.318652757503471 0.715241567071201 0.431541781090624 0.312082032991529 0.365735889375167 0.408345178154135 0.45319640799884 0.435131595623337 0.510439054344489 0.580411124546554 0.537066384926924 0.414898632720415 0.243118186808878 0.392003136025088 0.38295102056447 0.452597549056462 0.504469600661864 0.76333844001865 0.695395637972816 0.818701628739748 0.624630396215257 0.453131199231556 0.313556216150181 0.276918064831406 0.519696497245609 0.346655791190865 0.291945732440323 0.449897750511247 0.446788497715668 0.311578947368421 0.320161765944898 0.578180784177435 0.413236076761732 0.495238095238095 0.523682066798557 0.412877689249825 0.367073639614935 0.65234882713375 0.642936896479798 0.541489828772135 0.478017114192977
"для" 0.378578024007387 0.426150121065375 0.384080524468578 0.498476876211576 0.426861957698182 0.63552533200413 0.383000323012321 0.68262063554335 0.925100312082033 0.694487250611272 0.47339131272736 0.220494548672836 0.528072324785603 0.587196806877495 0.633615477629988 0.625110054587075 0.559484519880559 0.592110422711944 0.4921817152315 0.294872285834642 0.482670475904067 0.322860544423593 0.222473855991474 0.268675587398588 0.329213353355666 0.428740390301597 0.35811981874752 0.403143706478804 0.431666395178368 0.415757197796487 0.285481239804241 0.326292289198008 0.357873210633947 0.41655468959957 0.353684210526316 0.286460527424383 0.271713373985024 0.381930313370692 0.342857142857143 0.320027929710229 0.602255472335489 0.710933136013116 0.378783189948629 0.23312597391443 0.695155861261525 0.57834169371496
"есть" 0.286241920590951 0.145278450363196 0.225150652274684 1.01937202463373 1.20472178108658 0.815323815288212 0.02768677033824 0.357002746174971 0.735621934908605 0.620518194333148 0.595051675540244 0.540173496402658 0.130961936546829 0.195732268959165 0.0918984280532043 0.275870164935141 0.0597202577400597 0.803858520900322 0.13937889280892 0.0919082449354728 0.190963085482295 0.0867687713138406 0.0333044694598015 0.035560004214519 0.0447614647106388 0.206978119455943 0.608699283760363 0.333917009406687 0.564695661616984 0.228666458788068 0.346655791190865 0.188906062167268 0.155419222903885 0.13773179252889 0.04 0.505518577807734 0.47075921771824 0.372538584353379 0.304761904761905 0.395670894914465 1.67710234930817 0.666681175506177 0.100266138515814 0.024539576201519 0.212205473437729 0.129831808793154
"же" 0.397045244690674 0.271186440677966 0.470167538573604 0.249238438105788 0.309525495392521 0.18513903229252 0.452217248857921 0.486465280502158 0.551716451181453 0.763319566870082 0.660097810113469 0.516521832012146 0.321067973469646 0.314706785385324 0.406287787182588 0.41087045841404 0.524909633820525 0.635244294565132 0.172045820811011 0.212537816413281 0.408991805127434 0.367253869281837 0.309065476586958 0.258139289853545 0.330657271572138 0.229154346540509 0.438514063772474 0.30948405749888 0.320356192648097 0.779544745868413 0.550570962479608 0.661171217585437 0.443762781186094 0.429991937651169 0.418947368421053 0.46339202965709 0.499194338251556 0.485239332561125 0.755555555555556 0.960083789130688 0.818930953883951 0.481693471747662 0.339171875967073 0.285886062747696 0.380506366164203 0.478017114192977
"это" 0.48938134810711 0.416464891041162 0.390702602476657 0.429903337685116 0.327732877474434 0.797521985260085 0.21687970098288 0.32561788936838 0.401248328131966 0.493127041854158 0.523982750728758 0.459300063325424 0.561868953571881 0.537304267731041 0.309552599758162 0.299348476844515 0.282885431400283 0.333307191592816 0.00217779520013938 0 0.399969927073152 0.308735395605061 0.307733297808566 0.308186703192498 0.242578260367333 0.325251330573625 0.555451147445134 0.150669870098139 0.290492479774122 0.696393306309115 0.713703099510604 0.489438433797012 0.190184049079755 0.292260145122279 0.44 0.092678405931418 0.0505513253925626 0.0813949848167047 0.431746031746032 0.442220411963226 0.460648661559722 0.435990627289676 0.344123290214768 0.322695427049975 0.439045807112542 0.566538802006492
"он" 0.203139427516159 0.0677966101694915 0.390702602476657 0.451002888000949 0.338859610968936 0.375618613593477 0.24918093304416 0.25500196155355 0.211769950958538 0.21060634079188 0.375822110867523 0.266271963622214 0.950530184614085 1.03239177156893 0.909310761789601 0.812936549862065 0.675781863900676 0.545055289781194 0.333202665621325 0.547619959407192 0.16840839034659 0.12712633936679 0.267767934456804 0.305552628806238 0.252685687882638 0.155233589591957 0.456263442544217 0.325772692104084 0.257913883911603 0.291030038457541 0.295676998368679 0.214665979735532 0.609406952965235 0.574442354205859 0.170526315789474 0.337012385205156 0.347540362073868 0.472717027204708 0.349206349206349 0.453857791225416 0.182553358469964 0.318469027254855 0.408491675434796 0.650298769340254 0.263427484267525 0.300973738565949
"только" 0.313942751615882 0.222760290556901 0.225150652274684 0.179346177684588 0.245799658105825 0.3506960515541 0.401458169904481 0.470772852098862 0.445831475702185 0.738663214777374 0.354140066009781 0.29602728333931 0.397110388238773 0.372275099785078 0.232164449818622 0.299348476844515 0.298601288700299 0.396047368833817 0.20906833921338 0.153180408225788 0.404480866100293 0.403575680529491 0.250449610337707 0.295016331261195 0.219475568903777 0.269810762862212 0.431205496042933 0.134381235492935 0.179182277243851 0.550878287080345 0.407830342577488 0.472265155418169 0.265848670756646 0.251948400967482 0.338947368421053 0.38756424298593 0.186408012385075 0.259837836145634 0.273015873015873 0.285115791923659 1.04072475389419 0.716736671817305 0.220337934022405 0.202451503662532 0.234157763793356 0.230156388315137
"их" 0.212373037857802 0.25181598062954 0.165551950201973 0.155609183579275 0.0809216981418355 0.0747676861181329 0.396843708181441 0.466849744998038 0.261925991975033 0.258891696973433 0.193933845672023 0.289160671096903 0.35908918085421 0.614062020264047 0.299879081015719 0.316957210776545 0.383466918120383 0.172535487412752 0.779650681649898 0.526557653276146 0.321780317269378 0.292592368383881 0.420968493971891 0.372721525655885 0.385526163798082 0.277202838557067 0.232830086241099 0.305411898847579 0.434381278166911 0.322211828292277 0.295676998368679 0.326292289198008 0.423312883435583 0.500537489922064 0.334736842105263 0.0589771674109024 0.192726928059145 0.20974861471997 0.273015873015873 0.267659723030374 0.450412024636173 0.297431209964671 0.425821625301727 0.403676028514988 0.146348602370847 0.194747713189731
"все" 0.461680517082179 0.319612590799031 0.331103900403947 0.332317917474384 0.35403242937053 0.402321358635668 0.27225324165936 0.306002353864261 0.295363352652697 0.310259097166574 0.446891035679009 0.286871800349434 0.34219086646107 0.276327909118821 0.256348246674728 0.179022128308975 0.135156372780135 0.341149713747941 0.178579206411429 0.145521387814499 0.282685512367491 0.399539923724196 0.205155531872377 0.226530397218417 0.160274922028416 0.121969248965109 0.29547495249431 0.236185201775461 0.627137970353478 0.571666146970169 0.346655791190865 0.309119010819165 0.265848670756646 0.302338081160978 0.275789473684211 0.092678405931418 0.173770181036934 0.169051122311618 0.4 0.34330268823461 0.397522733864501 0.327174330961138 0.220337934022405 0.307971681329063 0.270744914386068 0.265565063440543
"так" 0.424746075715605 0.300242130750605 0.403946758492815 0.154290461684535 0.203315766581362 0.16555701926158 0.1384338516912 0.286386818360141 0.278644672313865 0.298958269124083 0.360162856248043 0.330360344551343 0.295720501879937 0.349247774025177 0.26602176541717 0.328696366731232 0.386610089580387 0.443102501764568 0.213423929613659 0.0861639796270057 0.303736561160815 0.272413584357407 0.255778325451276 0.263407438626067 0.197816795656694 0.236546422235364 0.228653761824219 0.54159710062304 0.488678937937775 0.426151127741399 0.519983686786297 0.549544908122961 0.231083844580777 0.204918032786885 0.235789473684211 0.337012385205156 0.28119174749613 0.319318786588611 0.311111111111111 0.256022343768183 0.513537952331394 0.385209689003025 0.309463390480906 0.257665550115949 0.314649495097322 0.359988197108292
"было" 0.110803324099723 0.116222760290557 0.218528574266605 0.214951668842558 0.214442500075864 0.372058247587852 0.3230123206128 0.137308748528835 0.300936246098975 0.361626497359716 0.17707003300489 0.165561650733583 0.735076676101559 0.429843414184833 0.362756952841596 0.287609320889828 0.487191576300487 0.145086659869814 0.113245350407248 0.0689311837016046 0.357867829486505 0.46007627580362 0.319722906814094 0.445158571278053 0.460609911054638 0.170017740981668 0.11798116477688 0.138453394144236 0.149318564369876 0.0727575096143852 0.244698205546493 0.231839258114374 0.40081799591002 0.433351249664069 0.381052631578947 0.362288314095543 0.101102650785125 0.253576683467426 0.196825396825397 0.238566274874898 0.182553358469964 0.208927288950793 0.514947081760228 0.364412706592557 0.102444021659593 0.16524048391856
"бы" 0.424746075715605 0.222760290556901 0.18541818422621 0.257150769474226 0.201292724127816 0.283049097447218 0.16612062202944 0.482542173401334 0.43468568880963 0.476689473792352 0.339685369437953 0.345619482867802 0.278822187486798 0.245624808105619 0.140266021765417 0.190761284263661 0.188590287600189 0.345070974825504 0.102356374406551 0.0631869183931375 0.434553792947899 0.232056016304457 0.111903017384933 0.130386682119903 0.0981864387201109 0.277202838557067 0.29860719580697 0.175102822005945 0.228050171037628 0.291030038457541 0.275285481239804 0.240425897303795 0.224948875255624 0.188121472722386 0.113684210526316 0.210632740753223 0.170610723199899 0.237923801771906 0.361904761904762 0.302571860816944 0.351457867708529 0.44687225692253 0.113882527696973 0.132513711488203 0.314649495097322 0.472115668338743
"за" 0.3601108033241 0.319612590799031 0.198662340242368 0.20572061557938 0.141612971748212 0.0818884181293837 0.318397858889761 0.22361710474696 0.150468123049487 0.221907168834371 0.218025006625069 0.144961814006363 0.23657640150395 0.322382560638625 0.256348246674728 0.343370311674591 0.374037403740374 0.125480354482001 0.289646761618537 0.60314785738904 0.175926622058492 0.211877232277983 0.275761007127156 0.288431145295543 0.420180200993416 0.428740390301597 0.348723088809539 0.252473836380665 0.152033447358419 0.0103939299449122 0.0611745513866232 0.0944530310836339 0.464212678936605 0.41655468959957 0.202105263157895 0.092678405931418 0.164291807525829 0.288013023197571 0.107936507936508 0.128011171884092 0.0921297323119444 0.220534360559171 0.363928947205546 0.510423184991595 0.146348602370847 0.153437592210091
"во" 0.23084025854109 0.164648910411622 0.198662340242368 0.291437538737456 0.224557712343594 0.236764339374088 0.332241244058881 0.372695174578266 0.189478377173428 0.221907168834371 0.27584379291238 0.170139392228521 0.215453508512526 0.172704943199263 0.18863361547763 0.234783119093737 0.207449316360207 0.227433142498628 0.150267868809617 0.0899934898326504 0.218028719645139 0.205823597070041 0.153200559515087 0.19623854177642 0.272900542913249 0.306771141336487 0.133642381340182 0.728916398582889 0.407232448281479 0.363787548071926 0.234502446982055 0.300532371629744 0.288343558282209 0.258667024993281 0.246315789473684 0.471817339287219 0.723515844681053 0.61359296246439 0.279365079365079 0.256022343768183 0.291744152321157 0.235768642045166 0.186915887850467 0.169323075790481 0.241475193911898 0.212452050752434
"мы" 0.48938134810711 0.581113801452784 0.483411694589762 0.0619799290527621 0.0768756132347437 0.201160679317834 0.19380739236768 0.451157316594743 0.167186803388319 0.249645564938667 0.239707051482811 0.296790240255133 0.135186515145114 0.0767577525330058 0.0580411124546554 0.137935082467571 0.066006600660066 0.141165398792252 0.165512435210593 0.135947612300387 0.338320427035561 0.294610246786529 0.106574302271365 0.0579496364977347 0.11695737553425 0.255026611472501 0.519952389901648 0.484586879504825 0.420806863224195 0.47812077746596 0.173327895595432 0.394985402713378 0.0552147239263804 0.0537489922063961 0.28 0.202207431123094 0.123218855644371 0.156528816955201 0.133333333333333 0.0698242755731409 0.534011226178493 0.314116375401713 0.323079779662066 0.350915939681722 0.263427484267525 0.601947477131897
"быть" 0.277008310249307 0.37772397094431 0.218528574266605 0.419353562527199 0.460242158181689 0.268807633424716 0.115361543076 0.321694782267556 0.35109228711547 0.376009369413795 0.304753186056036 0.306708680160831 0.266148451691944 0.245624808105619 0.125755743651753 0.152609027410929 0.100581486720101 0.368598541290879 0.20906833921338 0.170413204151189 0.27667092699797 0.0867687713138406 0.0759341903683474 0.107997049836687 0.0433175464941666 0.066528681253696 0.216124788573576 0.122164759539032 0.0515827767823207 0.187090739008419 0.163132137030995 0.249012536493217 0.0961145194274029 0.0705455522708949 0.105263157894737 0.160080882972449 0.0884648194369846 0.159659393294305 0.387301587301587 0.267659723030374 0.470885298483272 0.359093777884176 0.14359101318314 0.126378817437823 0.146348602370847 0.283269401003246
"если" 0.286241920590951 0.280871670702179 0.152307794185815 0.0962666983159921 0.0991290802237485 0.186919215295332 0.15689169858336 0.25500196155355 0.222915737851092 0.401693069510366 0.344503601628562 0.265509006706391 0.156309408136538 0.172704943199263 0.154776299879081 0.199565651229677 0.216878830740217 0.317622147282566 0.0762228320048783 0.0861639796270057 0.172919329373731 0.0988760417297254 0.126556983947246 0.0921926035191234 0.167494513110777 0.221762270845653 0.308003925744952 0.211752249867655 0.192756692186567 0.259848248622804 0.163132137030995 0.214665979735532 0.153374233128834 0.0671862402579952 0.130526315789474 0.219058050383352 0.0726675302518088 0.118961900885953 0.450793650793651 0.296753171185849 0.361694504632078 0.357642893933129 0.31070124404283 0.260119507736101 0.292697204741695 0.436706993213337
"у" 0.0461680517082179 0.193704600484261 0.231772730282763 0.184621065263547 0.198258160447497 0.137074091216577 0.341470167504961 0.141231855629659 0.0947391885867142 0.144856068544659 0.215615890529765 0.183872616713334 0.232351822905665 0.199570156585815 0.169286577992745 0.18782649527499 0.166588087380167 0.152929182024939 0.119778736007666 0.18764600007659 0.242087061123224 0.264342070746817 0.207819889429161 0.229164471604678 0.284451888645027 0.140449438202247 0.212992545260916 0.07737101437472 0.0868762556333822 0.14551501922877 0.25489396411093 0.532371629744118 0.319018404907975 0.218355280838484 0.197894736842105 0.109529025191676 0.173770181036934 0.181573427668034 0.552380952380952 0.296753171185849 0.0818930953883951 0.187164029685086 0.484000742712137 0.418399774235899 0.139031172252305 0.224254942460903
"при" 0.267774699907664 0.484261501210654 0.430435070525131 0.0316493254737508 0.0262995518960965 0.0249225620393776 0.12459046652208 0.145154962730483 0.167186803388319 0.199305512749389 0.143342407670626 0.186161487460803 0.215453508512526 0.176542830825913 0.256348246674728 0.176087339320303 0.295458117240295 0.219590620343502 0.0914673984058539 0.0478688775705587 0.180437561085633 0.141251488185322 0.367681342836209 0.342429670213887 0.337876862654499 0.210674157303371 0.113804840359999 0.240257360426762 0.0895911386219254 0.758756885978588 0.856443719412724 0.996050145972866 0.212678936605317 0.167965600644988 0.307368421052632 0.202207431123094 0.126378313481407 0.153398240616097 0.60952380952381 0.482951239380891 0.0818930953883951 0.198045659317939 0.357739679395927 0.225764101053975 0.468315527586712 0.33048096783712
"может" 0.25854108956602 0.280871670702179 0.297993510363552 0.474739882106263 0.373251332679216 0.234984156371275 0.115361543076 0.431541781090624 0.356665180561748 0.303067661139534 0.254161748054639 0.233464816241827 0.173207722529678 0.249462695732269 0.0822249093107618 0.0528262017960909 0.0345748860600346 0.317622147282566 0.121956531207805 0.0708459388044269 0.297721975791294 0.0645721088847186 0.0466262572437221 0.0421451901801707 0.0317662007623888 0.0924009461856889 0.188978679863852 0.150669870098139 0.0923060216104686 0.207878598898243 0.0713703099510604 0.231839258114374 0.049079754601227 0.0268744961031981 0.103157894736842 0.0674024770410313 0.0600296989036681 0.0907867138340168 0.33015873015873 0.331665308972419 0.532305120024568 0.375778943321218 0.0779847744011883 0.0527600888332658 0.329284355334407 0.389495426379463
"т" 0.12927054478301 0.0774818401937046 0.0728428580888683 0.055386319579064 0.126440153346618 0.0427243920675045 0.0369156937843201 0.145154962730483 0.668747213553277 0.648256590437445 0.393890481582307 0.312049378571592 0.0549195217777027 0.065244089653055 0.0241837968561064 0.0234783119093737 0.0628634292000629 0.0705826993961258 0.017422361601115 0.00191475510282235 0.44357567100218 0.226002381096515 0.102577765936189 0.113265198609209 0.0837472565553887 0.439828503843879 0.513687903276327 0.0570102211182148 0.12759950046153 0.38457540796175 0.387438825448613 0.446505237849906 0.00613496932515337 0.013437248051599 0.313684210526316 0.0252759288903867 0.037913494044422 0.0469586450865604 0.374603174603175 0.465495170487606 0.0545953969255967 0.220534360559171 0.0643683852200285 0.0453982159728102 0.234157763793356 0.212452050752434
"они" 0.138504155124654 0.184019370460048 0.178796106218131 0.129234745684483 0.0697949646473331 0.103250614163136 0.21687970098288 0.215770890545312 0.100312082032992 0.153074852575561 0.179479149100195 0.143435900174717 0.35908918085421 0.445194964691434 0.169286577992745 0.225978752127722 0.16973125884017 0.109795310171751 0.450803606428851 0.268065714395129 0.0932260732275769 0.175555421030329 0.253113967894491 0.243651880729112 0.31910592584036 0.158929627439385 0.217168869677797 0.134381235492935 0.192756692186567 0.103939299449122 0.0611745513866232 0.0944530310836339 0.261758691206544 0.27210427304488 0.157894736842105 0.109529025191676 0.0916242772740198 0.0720032557993927 0.184126984126984 0.128011171884092 0.24397318001126 0.145813837080241 0.29708485486167 0.294474914418228 0.131713742133763 0.129831808793154
"когда" 0.184672206832872 0.193704600484261 0.284749354347394 0.178027455789848 0.071818007100879 0.176238117278456 0.24918093304416 0.188309140839545 0.195051270619706 0.224989212845959 0.167433568623672 0.130465632605727 0.375987495247349 0.195732268959165 0.159613059250302 0.193696073252333 0.176017601760176 0.160771704180064 0.17422361601115 0.153180408225788 0.245094353807984 0.163448150614444 0.190501565310065 0.233115583184069 0.154499249162527 0.140449438202247 0.127377894714861 0.280978946939773 0.133029266438616 0.270242178567716 0.214110929853181 0.266185814872059 0.167689161554192 0.164606288632088 0.103157894736842 0.160080882972449 0.164291807525829 0.169051122311618 0.355555555555556 0.261841033399278 0.0853053076962449 0.179184167954326 0.190629448536238 0.283432105127544 0.351236645690034 0.271466509294777
"был" 0.0738688827331487 0.0387409200968523 0.119197404145421 0.133190911368701 0.157797311376579 0.190479581300958 0.17996400719856 0.0627697136131816 0.172759696834597 0.174649160656681 0.091546411621576 0.0846882176563489 0.354864602255925 0.295517347252072 0.444981862152358 0.264131008980454 0.38975326104039 0.0823464826288134 0.169868025610872 0.225941102133037 0.0917224268851966 0.201787840264746 0.279757543462333 0.246285955115372 0.174714104193139 0.0850088704908338 0.0616007851489904 0.0651545384208169 0.0651571917250366 0.0831514395592974 0.050978792822186 0.128799587841319 0.388548057259714 0.349368449341575 0.214736842105263 0.160080882972449 0.0853053615999494 0.200356885702658 0.0380952380952381 0.0465495170487606 0.017061061539249 0.0819749432341654 0.381258897072476 0.463797990208709 0.0658568710668813 0.0531130126881086
"ни" 0.267774699907664 0.193704600484261 0.0860870141050262 0.13714707705292 0.185108384499449 0.149535372236266 0.0830603110147201 0.247155747351903 0.284217565760143 0.207524296780291 0.216820448577417 0.162509823070291 0.185881458324532 0.161191280319312 0.164449818621524 0.18782649527499 0.154015401540154 0.270567014351816 0.163334640010453 0.183816489870946 0.16540109766183 0.121072704158847 0.209152068207553 0.152776314403119 0.150167494513111 0.107185097575399 0.265196600471925 0.15474202874944 0.244339468968887 0.14551501922877 0.0305872756933116 0.103039670273055 0.204498977505112 0.174684224670787 0.103157894736842 0.0842530963012891 0.107421566459196 0.181573427668034 0.222222222222222 0.250203654137088 0.185965570777814 0.209652730926317 0.164634523735842 0.181592863891241 0.0439045807112542 0.00590144585423429
"уже" 0.166204986149584 0.203389830508475 0.231772730282763 0.196489562316203 0.1719586085514 0.163776836258767 0.29071108855152 0.211847783444488 0.195051270619706 0.15615689658715 0.132501385241755 0.141909986343071 0.287271344683368 0.26481424623887 0.130592503022975 0.0763045137054646 0.125726858400126 0.0784252215512509 0.28093558081798 0.172327959254011 0.120291707390422 0.314789030813003 0.175847598747752 0.136971868085555 0.0967425205036387 0.199586043761088 0.12111340808954 0.126236918190333 0.0271488298854319 0.0935453695042095 0.163132137030995 0.369225485145114 0.149284253578732 0.0806234883095942 0.24 0.15165557334232 0.142175602666582 0.118961900885953 0.228571428571429 0.3549400674968 0.261034241550509 0.182085935856421 0.188153741412391 0.230672016294279 0.219522903556271 0.24786072587784
"жизни" 0.581717451523546 0.329297820823245 0.119197404145421 0.615843124843402 0.337848089742163 0.665788443051946 0.0230723086152 0.156924284032954 0.105884975479269 0.221907168834371 0.207183984196198 0.138858158679779 0.143635672341684 0.172704943199263 0.135429262394196 0.228913541116394 0.141442715700141 0.105874049094189 0.0544448800034845 0.0306360816451576 0.199984963536576 0.203805718667393 0.0399653633517618 0.0263407438626067 0.0433175464941666 0.0517445298639858 0.0323665142308254 0.399071547827503 0.33121572460227 0.0311817898347365 0 0.0686931135153701 0.0368098159509202 0.100779360386993 0.16 0.0758277866711602 0.0315945783703517 0.125223053564161 0.0444444444444444 0.0989177237286163 0.0938358384658693 0.254630133408779 0.0680819459057993 0.0294474914418228 0.080491731303966 0.0472115668338743
"себе" 0.203139427516159 0.0968523002421307 0.112575326137342 0.110772639158128 0.122394068439526 0.131733542208139 0.12459046652208 0.231463318948607 0.172759696834597 0.198278164745526 0.238502493435159 0.17242826297599 0.261923873093659 0.25713847098557 0.207980652962515 0.18782649527499 0.141442715700141 0.270567014351816 0.0740450368047389 0.0976525102439398 0.118788061048042 0.141251488185322 0.113235196163325 0.071120008429038 0.101074275153055 0.066528681253696 0.24013865397064 0.19139145661115 0.122169734484444 0.166302879118595 0.112153344208809 0.0944530310836339 0.147239263803681 0.14445041655469 0.115789473684211 0.109529025191676 0.154813434014723 0.165920545972514 0.0888888888888889 0.122192482252997 0.496476890792145 0.234317758094119 0.132450331125828 0.166869118170329 0.226840333674813 0.218353496606669
"до" 0.184672206832872 0.184019370460048 0.132441560161579 0.0909918107370337 0.166901002417536 0.128173176202514 0.502976327811361 0.129462534327187 0.150468123049487 0.138691980521482 0.121660362812884 0.11062875279433 0.147860250939969 0.115136628799509 0.18863361547763 0.161413394376944 0.210592487820211 0.0627401772410007 0.274402195217562 0.13020334699192 0.136831817156605 0.320842666020946 0.183840671418104 0.131703719313033 0.386970082014555 0.28829095209935 0.163920733362568 0.0692266970721179 0.114025085518814 0.197484668953331 0.316068515497553 0.266185814872059 0.179959100204499 0.211636656812685 0.2 0.269609908164125 0.173770181036934 0.118961900885953 0.171428571428571 0.209472826719423 0.0545953969255967 0.103738202499873 0.21167295908894 0.169323075790481 0.219522903556271 0.265565063440543
"между" 0.166204986149584 0.232445520581114 0.132441560161579 0.0817607574738563 0.0556336674725119 0.213621960337523 0.26763877993632 0.239309533150255 0.111457868925546 0.180813248679858 0.0674552506685297 0.113680580457622 0.139411093743399 0.180380718452564 0.232164449818622 0.173152550331631 0.135156372780135 0.0901890047839385 0.167690230410732 0.109141040860874 0.27817457334035 0.316806909215651 0.159861453407047 0.110631124222948 0.184821531708444 0.295683027794205 0.160788490049907 0.0366494278617095 0.0542976597708639 0.228666458788068 0.224306688417618 0.128799587841319 0.0552147239263804 0.0873421123353937 0.155789473684211 0.126379644451934 0.0600296989036681 0.122092477225057 0.228571428571429 0.267659723030374 0.242267073857335 0.274217066747916 0.299560561985517 0.236806910344658 0.146348602370847 0.0767187961050457
"были" 0.0277008310249307 0.0581113801452785 0.112575326137342 0.10417902968443 0.0495645401118743 0.110371346174387 0.346084629228001 0.15300117693213 0.0613018279090504 0.132527892498305 0.0602279023826158 0.0640883809291289 0.34219086646107 0.291679459625422 0.246674727932285 0.208370018195692 0.342605689140343 0.0745039604736883 0.21124613441352 0.101482020449585 0.123299000075182 0.32487842282624 0.378338773063345 0.295016331261195 0.355203881252166 0.0554405677114134 0.0438514063772474 0.126236918190333 0.084161372644839 0.062363579669473 0.050978792822186 0.103039670273055 0.302658486707566 0.298978769148078 0.296842105263158 0.117954334821805 0.0663486145777385 0.0751338321384967 0.019047619047619 0.0174560688932852 0.0545953969255967 0.0906802469404485 0.370118215015164 0.195089630802076 0.00731743011854237 0.0354086751254057
"более" 0.138504155124654 0.280871670702179 0.238394808290842 0.251875881895267 0.0829447405953814 0.188699398298145 0.17996400719856 0.137308748528835 0.100312082032992 0.0934886683515174 0.121660362812884 0.194554013534856 0.308394237674792 0.253300583358919 0.183796856106409 0.155543816399601 0.163444915920163 0.168614226335189 0.163334640010453 0.0938230000382951 0.251108939177505 0.383396896503017 0.121228268833677 0.0895585291328627 0.216587732470833 0.321555292726198 0.1190252458811 0.105876124933827 0.0488678937937775 0.436545057686311 0.32626427406199 0.300532371629744 0.0633946830265849 0.104138672399892 0.178947368421053 0.117954334821805 0.0853053615999494 0.0720032557993927 0.177777777777778 0.226928895612708 0.0904236261580195 0.208927288950793 0.106455406325432 0.049079152403038 0.387823796282745 0.419002655650634
"того" 0.156971375807941 0.213075060532688 0.198662340242368 0.0870356450528148 0.0950829953166567 0.210061594331897 0.1615061603064 0.164770498234602 0.139322336156933 0.128418500482854 0.139728733527669 0.151065469332947 0.274597608888513 0.284003684372122 0.18863361547763 0.261196219991783 0.295458117240295 0.24703944788644 0.119778736007666 0.0938230000382951 0.218028719645139 0.145287244990617 0.194498101645241 0.155410388789379 0.151611412729583 0.0960969840331165 0.186890517655411 0.0814431730260211 0.100450670576098 0.0831514395592974 0.0815660685154976 0.13738622703074 0.171779141104294 0.208277344799785 0.145263157894737 0.261184598533996 0.224321506429497 0.222270920076386 0.20952380952381 0.128011171884092 0.182553358469964 0.175556958076708 0.0742712137154175 0.0834345590851646 0.182935752963559 0.359988197108292
"человека" 0.397045244690674 0.145278450363196 0.0463545460565525 0.48528965726418 0.871931297478278 0.694271371096949 0 0.388387602981561 0.0390102541239412 0.0975980603669687 0.0987737599074899 0.0862141314879949 0.0591441003759875 0.0882714154129567 0.0290205562273277 0.0146739449433586 0.0251453716800251 0.176456748490314 0.0370225184023694 0.0402098571592693 0.0360875122171265 0.0363218112476542 0.021314860454273 0.0210725950900853 0.0187709368141388 0.00739207569485511 0.139906867965504 0.142525552795537 0.268773415865776 0.14551501922877 0.101957585644372 0.0772797527047913 0.0245398773006135 0.0201558720773985 0.0442105263157895 0.0589771674109024 0.0473918675555275 0.128353629903265 0.349206349206349 0.325846619341324 0.0597137153873714 0.267688088968204 0.0408491675434796 0.00858885167053165 0.00731743011854237 0.118028917084686
"ее" 0.286241920590951 0.0677966101694915 0.1258194821535 0 0.185108384499449 0.263467084416278 0.22610862442896 0 0.128176549264378 0.154102200579424 0.239707051482811 0.241094385400056 0.278822187486798 0.184218606079214 0.0822249093107618 0.0851088806714797 0.172874430300173 0.043133871853188 0.241735267215471 0.101482020449585 0.195474024509435 0.203805718667393 0.171851062412576 0.239700769149721 0.00577567286588888 0 0.144083192382384 0 0 0.353393618127014 0.0917618270799347 0.214665979735532 0.141104294478528 0.194840096748186 0.132631578947368 0.00842530963012891 0 0 0.196825396825397 0.203654137088328 0.196202207701363 0.261159111188492 0.17082379154546 0.0539870676433418 0.27806234450461 0.212452050752434
"еще" 0.110803324099723 0.242130750605327 0.238394808290842 0 0.225569233570366 0.108591163171574 0.332241244058881 0.00392310710082385 0.284217565760143 0.185949988699172 0.1818882651955 0.152591383164593 0.299945080478222 0.364599324531778 0.256348246674728 0.161413394376944 0.150872230080151 0.0784252215512509 0.309246918419792 0.214452571516103 0.204495902563717 0.209859353875335 0.242456537667355 0.142240016858076 0.0072195910823611 0.00369603784742756 0.122157489193761 0.00814431730260211 0.0380083618396047 0.218272528843156 0.0611745513866232 0.154559505409583 0.116564417177914 0.0940607363611932 0.258947368421053 0 0 0 0.196825396825397 0.145467240777377 0.105778581543344 0.15161737288443 0.174537352231231 0.158280266499798 0.204888043319186 0.312776630274417
"чтобы" 0.0923361034164358 0.106537530266344 0.0860870141050262 0.120003692421305 0.0799101769150626 0.153095738241891 0.0876747727377601 0.235386426049431 0.200624164065983 0.145883416548522 0.154183430099497 0.124361977279143 0.299945080478222 0.360761436905127 0.280532043530834 0.281739742912485 0.248310545340248 0.192141792800565 0.152445664009757 0.185731244973768 0.130817231787084 0.0605363520794237 0.0985812296010125 0.110631124222948 0.127064803049555 0.199586043761088 0.171229301092109 0.399071547827503 0.336645490579356 0.0831514395592974 0.112153344208809 0.0686931135153701 0.179959100204499 0.147809728567589 0.0778947368421053 0.134804954082063 0.135856686992512 0.216009767398178 0.126984126984127 0.128011171884092 0.0853053076962449 0.251002923531161 0.0507519960388686 0.0380363431123545 0.197570613200644 0.324579521982886
"е" 0.156971375807941 0.0387409200968523 0 0.0356054911579697 0.112278856171797 0.0373838430590665 0.0369156937843201 0.141231855629659 0.657601426660722 0.714006862684666 0.333662579199692 0.177006004470928 0.0506949431794179 0.065244089653055 0.0677146311970979 0.0498914128074191 0.0188590287600189 0.0627401772410007 0.017422361601115 0.00191475510282235 0.184948500112773 0.157394515406502 0.0746020115899554 0.0803392687809504 0.0360979554118055 0.210674157303371 0.253711708325503 0.0610823797695158 0.143888798392789 0.301423968402453 0.275285481239804 0.369225485145114 0.00408997955010225 0.00671862402579952 0.193684210526316 0.0252759288903867 0.0284351205333165 0.0313057633910403 0.361904761904762 0.38985220528337 0.0136488492313992 0.182085935856421 0.0569412638484867 0.0404903007325063 0.351236645690034 0.324579521982886
"которые" 0.203139427516159 0.271186440677966 0.251638964307 0.131872189473962 0.0424838915244636 0.195820130309396 0.27225324165936 0.231463318948607 0.14489522960321 0.130473196490579 0.0578187862873112 0.0854511745721719 0.270373030290229 0.211083819465766 0.0725513905683192 0.220109174150379 0.0848656294200849 0.109795310171751 0.270046604817283 0.135947612300387 0.16690474400421 0.207841475472688 0.210484246985946 0.165946686334422 0.285895806861499 0.177409816676523 0.145127273486604 0.101803966282526 0.114025085518814 0.14551501922877 0.0815660685154976 0.180319422977846 0.0879345603271984 0.13437248051599 0.109473684210526 0.0758277866711602 0.0789864459258791 0.0720032557993927 0.196825396825397 0.145467240777377 0.100660263081569 0.126952345716628 0.185678034288544 0.098158304806076 0.12439631201522 0.230156388315137
"тем" 0.332409972299169 0.300242130750605 0.172174028210052 0.0580237633685432 0.0596797523796037 0.18513903229252 0.10151815790688 0.125539427226363 0.222915737851092 0.180813248679858 0.156592546194801 0.162509823070291 0.219678087110811 0.199570156585815 0.2273276904474 0.296413687855843 0.198019801980198 0.172535487412752 0.0784006272050176 0.0555278979818481 0.187955792797534 0.141251488185322 0.0825950842603077 0.075071120008429 0.106849948018944 0.0887049083382614 0.105452191526238 0.0977318076312253 0.0651571917250366 0.155908949173683 0.214110929853181 0.20607934054611 0.0858895705521472 0.114216608438592 0.141052631578947 0.15165557334232 0.113740482133266 0.165920545972514 0.171428571428571 0.250203654137088 0.233736543087711 0.196594775366892 0.101503992077737 0.152145372449418 0.212205473437729 0.300973738565949
"я" 0.138504155124654 0.0774818401937046 0.470167538573604 0.100222864000211 0.135543844387574 0.23142379036565 0.0415301555073601 0.0117693213024716 0.0445831475702185 0.0154102200579424 0.589028885301983 0.154880253912062 0.11406362215369 0.26865213386552 0.14993954050786 0.105652403592182 0.0722929435800723 0.0745039604736883 0.0413781088026482 0.128288591889097 0.11126982933614 0.044393324858244 0.0133217877839206 0.0263407438626067 0.0635324015247776 0.0369603784742756 0.212992545260916 0.0203607932565053 0.0515827767823207 0.270242178567716 0.122349102773246 0.111626309462476 0.0184049079754601 0.00335931201289976 0.0442105263157895 0.0674024770410313 0.0600296989036681 0.0594809504429765 0.26031746031746 0.541138135691842 0.143312916929691 0.183536819807468 0.0656062387819521 0.258892528926025 0.417093516756915 0.531130126881086
"лишь" 0.203139427516159 0.242130750605327 0.139063638169658 0.387704237053448 0.559371238405438 0.268807633424716 0.0230723086152 0.0196155355041193 0.429112795363353 0.314368489182026 0.198752077862632 0.150302512417124 0.0126737357948545 0.00383788762665029 0.00483675937122128 0 0.00314317146000314 0 0 0 0.213517780617999 0.139233609782674 0.022647039232665 0.031608892635128 0.00288783643294444 0.129361324659965 0.0991877049009167 0 0 0.062363579669473 0.0203915171288744 0.120212948651898 0.0347648261758691 0.0470303681805966 0.126315789473684 0 0 0.00313057633910403 0.222222222222222 0.203654137088328 0.153549553853241 0.207476404999746 0.00123785356192362 0.00368093643022785 0.234157763793356 0.106226025376217
"себя" 0.12927054478301 0.145278450363196 0.0728428580888683 0.156927905474015 0.1719586085514 0.126392993199701 0.0922892344608001 0.121616320125539 0.22848863129737 0.197250816741663 0.332458021152039 0.119021278868382 0.215453508512526 0.234111145225668 0.198307134220073 0.126195926512884 0.163444915920163 0.129401615559564 0.0892896032057145 0.103396775552407 0.0526276219833095 0.125108460964142 0.0586158662492507 0.0856074175534717 0.0765276654730276 0.0776167947959787 0.12006932698532 0.0692266970721179 0.0895911386219254 0.0831514395592974 0.0917618270799347 0.0772797527047913 0.143149284253579 0.147809728567589 0.0505263157894737 0.092678405931418 0.110581024296231 0.190965156685346 0.0126984126984127 0.0872803444664262 0.237148755395561 0.163224444492807 0.0977904313919663 0.100612262426228 0.0731743011854237 0.0590144585423429
"этого" 0.0646352723915051 0.116222760290557 0.172174028210052 0.120003692421305 0.142624492974985 0.174457934275644 0.0646024641225601 0.219693997646136 0.150468123049487 0.14177402453307 0.132501385241755 0.154117296996239 0.143635672341684 0.092109303039607 0.033857315598549 0.0117391559546869 0.0188590287600189 0.0117637832326876 0 0 0.099240658597098 0.147305123393264 0.197162459202025 0.171214835106943 0.134284394131916 0.118273211117682 0.162876652258347 0.00407215865130105 0.0542976597708639 0.259848248622804 0.244698205546493 0.240425897303795 0.081799591002045 0.104138672399892 0.138947368421053 0 0 0.00939172901731209 0.285714285714286 0.215291516350518 0.25420981693481 0.200947427220034 0.149780280992759 0.117789965767291 0.0512220108297966 0.129831808793154
"всех" 0.120036934441367 0.0968523002421307 0.172174028210052 0.17143384631615 0.0920484316363379 0.126392993199701 0.12459046652208 0.258925068654374 0.456977262594739 0.25786434896957 0.0710689248114867 0.0717179500873586 0.139411093743399 0.0959471906662573 0.140266021765417 0.143804660444914 0.0597202577400597 0.149007920947377 0.0958229888061327 0.0861639796270057 0.106758890308999 0.0847508929111932 0.0679411176979951 0.130386682119903 0.0721959108236109 0.173713778829095 0.095011380484036 0.293195422893676 0.244339468968887 0.114333229394034 0.152936378466558 0.223252618924953 0.141104294478528 0.114216608438592 0.0821052631578947 0.15165557334232 0.139016144829547 0.131484206242369 0.215873015873016 0.151285930408472 0.0938358384658693 0.155244582762048 0.0829361886488828 0.115336008147139 0.0439045807112542 0.0708173502508114
"потому" 0.0738688827331487 0.0581113801452785 0.0529766240646315 0.130553467579222 0.140601450521439 0.293730195464094 0.11997600479904 0.15300117693213 0.150468123049487 0.235262692884588 0.198752077862632 0.134280417184842 0.105614464957121 0.149677617439361 0.0918984280532043 0.108587192580853 0.0597202577400597 0.188220531723002 0.00217779520013938 0 0.0721750244342531 0.0645721088847186 0.0985812296010125 0.110631124222948 0.103962111586 0.0480484920165583 0.0469836496899079 0.15474202874944 0.236194820003258 0.062363579669473 0.0611745513866232 0.0858663918942126 0.0695296523517382 0.0571083042192959 0.130526315789474 0.219058050383352 0.0821459037629143 0.0907867138340168 0.215873015873016 0.192016757826138 0.0801869892344702 0.0957583407691136 0.189391594974315 0.218402228193519 0.0292697204741695 0.0767187961050457
"ему" 0.0646352723915051 0.00968523002421308 0.0927090921131051 0.0487927101053659 0.053610625018966 0.0302631110478157 0.0738313875686401 0.113770105923892 0.0445831475702185 0.0565041402124556 0.0855236213833145 0.0595106394341912 0.316843394871362 0.280165796745471 0.241837968561064 0.082174091682808 0.179160773220179 0.0980315269390636 0.222135110414217 0.486347796116877 0.0481166829561687 0.022196662429122 0.111903017384933 0.135654830892424 0.0967425205036387 0.0258722649319929 0.0396750819603667 0.19139145661115 0.154748330346962 0.0103939299449122 0.0611745513866232 0.0257599175682638 0.171779141104294 0.265385649019081 0.0442105263157895 0.101103715561547 0.233799879940602 0.231662649093698 0.0825396825396825 0.0698242755731409 0.066538140003071 0.11534527410825 0.185678034288544 0.391406240414228 0.0365871505927118 0.0590144585423429
"она" 0.286241920590951 0.116222760290557 0.0463545460565525 0.31253708905329 0.202304245354589 0.275928365435967 0.11997600479904 0.145154962730483 0.072447614801605 0.143828720540796 0.214411332482112 0.131991546437373 0.232351822905665 0.103622965919558 0.0532043530834341 0.0498914128074191 0.0691497721200691 0.0784252215512509 0.0740450368047389 0.0287213265423352 0.0932260732275769 0.0908045281191355 0.101245587157797 0.129069644926773 0.0880790112048054 0.103489059727972 0.0824824072333939 0.0488659038156127 0.0298637128739751 0.062363579669473 0.0815660685154976 0.145972866220161 0.0920245398773006 0.110857296425692 0.0778947368421053 0.210632740753223 0.00315945783703516 0.0125223053564161 0.165079365079365 0.0989177237286163 0.187671676931739 0.114619832132727 0.0717955065915702 0.0147237457209114 0.248792624030441 0.147536146355857
"время" 0.175438596491228 0.164648910411622 0.238394808290842 0.0487927101053659 0.0374262853905989 0.179798483284082 0.25840985649024 0.0902314633189486 0.14489522960321 0.126363804475128 0.0674552506685297 0.0679031655082438 0.194330615521102 0.237949032852318 0.222490931076179 0.126195926512884 0.119440515480119 0.0470551329307505 0.14155668800906 0.141691877608854 0.099240658597098 0.240127529915047 0.109238659828149 0.133020756506164 0.203592468522583 0.118273211117682 0.0856146505460544 0.07737101437472 0.0895911386219254 0.135121089283858 0.152936378466558 0.154559505409583 0.139059304703476 0.184762160709487 0.183157894736842 0.0674024770410313 0.0410729518814571 0.0876561374949128 0.177777777777778 0.133829861515187 0.0238854861549486 0.0406247506293209 0.172061645107384 0.158280266499798 0.234157763793356 0.200649159043966
"без" 0.101569713758079 0.0871670702179177 0.264883120323157 0.0909918107370337 0.072829528327652 0.101470431160323 0.10613261962992 0.180462926637897 0.100312082032992 0.126363804475128 0.113228456479318 0.0801104761614112 0.11406362215369 0.111298741172858 0.0918984280532043 0.114456770558197 0.201162973440201 0.160771704180064 0.128489916808223 0.128288591889097 0.0796932561461544 0.0726436224953084 0.114567374941717 0.256822252660415 0.109737784451889 0.0517445298639858 0.12111340808954 0.158814187400741 0.122169734484444 0.187090739008419 0.122349102773246 0.120212948651898 0.110429447852761 0.0873421123353937 0.113684210526316 0.15165557334232 0.0916242772740198 0.100178442851329 0.184126984126984 0.203654137088328 0.151843447699316 0.113894390157203 0.103979699201584 0.104293198856456 0.0878091614225084 0.0767187961050457
"даже" 0.25854108956602 0.154963680387409 0.297993510363552 0.0514301538948451 0.0687834434205602 0.0356036600562538 0.21226523925984 0.15300117693213 0.256353098528756 0.247590868930942 0.142137849622973 0.147250684753832 0.126737357948545 0.103622965919558 0.0773881499395405 0.0675001467394494 0.088008800880088 0.0627401772410007 0.0500892896032057 0.0287213265423352 0.16690474400421 0.149323001795912 0.17451541996936 0.172531872300074 0.160274922028416 0.0702247191011236 0.0835264883376141 0.0488659038156127 0.0162892979312592 0.166302879118595 0.101957585644372 0.249012536493217 0.130879345603272 0.131013168503091 0.162105263157895 0.0842530963012891 0.037913494044422 0.0313057633910403 0.203174603174603 0.186198068195042 0.0818930953883951 0.108816296328538 0.049514142476945 0.0417172795425823 0.0219522903556271 0.0472115668338743
"том" 0.12927054478301 0.116222760290557 0.132441560161579 0.0474739882106263 0.0829447405953814 0.108591163171574 0.0553735406764801 0.0666928207140055 0.105884975479269 0.102734800386283 0.0782962730974006 0.0755327346664734 0.164758565333108 0.0805956401596561 0.0967351874244256 0.152609027410929 0.132013201320132 0.180378009567877 0.0392003136025088 0.0402098571592693 0.215021426960379 0.1190548257562 0.103909944714581 0.138288905278685 0.0534249740094721 0.107185097575399 0.247447221700182 0.105876124933827 0.12759950046153 0.0415757197796487 0.0407830342577488 0.0686931135153701 0.137014314928425 0.124294544477291 0.105263157894737 0.117954334821805 0.123218855644371 0.0720032557993927 0.152380952380952 0.174560688932852 0.0870114138501698 0.164675328443854 0.0631305316581049 0.0515331100231899 0.263427484267525 0.24786072587784
"истории" 0.0369344413665743 0.0484261501210654 0.00662207800807894 0.20572061557938 0.036414764163826 1.23188663794638 0.02768677033824 0.0078462142016477 0.105884975479269 0.095543364359243 0.0168638126671324 0.0511181133601386 0.101389886358836 0 0.00483675937122128 0.0586957797734343 0.0471475719000471 0.0196063053878127 0.0827562176052964 0.0210623061310458 0.679648146755883 0.591238371975705 0.0426297209085459 0.0329259298282584 0.01299526394825 0.0369603784742756 0.0365428386477062 0.00407215865130105 0.00271488298854319 0 0 0 0.0102249488752556 0.0436710561676969 0.113684210526316 0.0252759288903867 0.00315945783703516 0.00939172901731209 0.0126984126984127 0.0116373792621902 0.0119427430774743 0.0464282864335096 0.0779847744011883 0.00613489405037975 0.0365871505927118 0.0295072292711714
"своей" 0.175438596491228 0.0871670702179177 0.099331170121184 0.146378130316098 0.133520801934029 0.126392993199701 0.0738313875686401 0.145154962730483 0.072447614801605 0.071914360270398 0.126478595003493 0.1029991836361 0.152084829538254 0.168867055572613 0.174123337363966 0.12032634853554 0.128870029860129 0.0784252215512509 0.119778736007666 0.0842492245241834 0.0872114878580558 0.125108460964142 0.117231732498501 0.0856074175534717 0.0476493011435832 0.0776167947959787 0.105452191526238 0.073298855723419 0.165607862301135 0.0831514395592974 0.0305872756933116 0.0257599175682638 0.102249488752556 0.154528352593389 0.0568421052631579 0.092678405931418 0.0315945783703517 0.0782644084776007 0.0253968253968254 0.0640055859420458 0.208144950778837 0.145088395104718 0.0755090672773411 0.096931325996 0.182935752963559 0.147536146355857
"тогда" 0.0831024930747922 0.0290556900726392 0.0794649360969472 0.0619799290527621 0.0394493278441448 0.0712073201125076 0.1845784689216 0.0784621420164771 0.139322336156933 0.178758552672132 0.156592546194801 0.122073106531674 0.12251277935026 0.13432606693276 0.193470374848851 0.129130715501555 0.207449316360207 0.113716571249314 0.148090073609478 0.210623061310458 0.0796932561461544 0.0665899872873661 0.105242123492973 0.111948161416078 0.046205382927111 0.0739207569485512 0.0678652717743114 0.0529380624669137 0.0570125427594071 0.0207878598898243 0.050978792822186 0.0686931135153701 0.0797546012269939 0.100779360386993 0.136842105263158 0.0674024770410313 0.0537107832295978 0.0813949848167047 0.120634920634921 0.0698242755731409 0.0750686707726955 0.0892293629894013 0.106455406325432 0.198770567232304 0.204888043319186 0.106226025376217
"чем" 0.110803324099723 0.116222760290557 0.0595987020727104 0.175390012000369 0.143636014201758 0.131733542208139 0.02768677033824 0.0470772852098862 0.122603655818101 0.14177402453307 0.091546411621576 0.109865795878507 0.0802669933674116 0.0575683143997544 0.0532043530834341 0.114456770558197 0.0817224579600817 0.0980315269390636 0.0152445664009757 0.0153180408225788 0.157882865949929 0.115019068950905 0.12256044761207 0.101411863871036 0.0635324015247776 0.162625665286813 0.155568084528806 0.0162886346052042 0.0434381278166911 0.166302879118595 0.112153344208809 0.103039670273055 0.0879345603271984 0.0772641762966944 0.132631578947368 0.0589771674109024 0.0157972891851758 0.0219140343737282 0.133333333333333 0.162923309670662 0.107484687697269 0.157420908688619 0.0841740422108065 0.0613489405037975 0.182935752963559 0.159339038064326
"г" 0.101569713758079 0.0387409200968523 0.0529766240646315 0.00263744378947924 0.00505760613386472 0.00178018300281269 0.438373863688801 0.0706159278148294 0.0891662951404369 0.0195196120733937 0.0108410224288708 0.145724770922186 0.0337966287862786 0 0.14993954050786 0.340435522685919 0.537482319660537 0.0705826993961258 0.0588004704037632 0.111055795963696 0.231561536726562 0.0645721088847186 0.289082794911077 0.488620798651354 0.124176966616611 0.28829095209935 0.160788490049907 0.00407215865130105 0.013574414942716 0 0.0101957585644372 0 0.112474437627812 0.0940607363611932 0.155789473684211 0.00842530963012891 0.00315945783703516 0.0782644084776007 0.0253968253968254 0.00581868963109508 0.00682442461569959 0.00870530370628305 0.00247570712384725 0.0269935338216709 0.139031172252305 0.100324579521983
"своего" 0.138504155124654 0.0871670702179177 0.0529766240646315 0.0791233136843771 0.0647373585134684 0.0658667711040695 0.12920492824512 0.149078069831306 0.0390102541239412 0.0934886683515174 0.103591992098099 0.0556958548550763 0.22812724430738 0.203408044212465 0.246674727932285 0.0909784586488231 0.103724658180104 0.086267743706376 0.115423145607387 0.201049285796347 0.099240658597098 0.0867687713138406 0.0972490508226204 0.0803392687809504 0.0664202379577221 0.0443524541691307 0.0396750819603667 0.105876124933827 0.211760873106369 0 0.0203915171288744 0.034346556757685 0.0940695296523517 0.120935232464391 0.0568421052631579 0.101103715561547 0.0726675302518088 0.147137087937889 0.0698412698412698 0.0581868963109508 0.133076280006142 0.124776019790057 0.115120381258897 0.244168783205114 0.0365871505927118 0.0472115668338743
"мира" 0.156971375807941 0.00968523002421308 0.0198662340242368 0.17407129010563 0.510818219520337 0.279488731441592 0.0230723086152 0.0666928207140055 0.128176549264378 0.15615689658715 0.072273482859139 0.0877400453196408 0.046470364581133 0.0729198649063555 0.0822249093107618 0.0293478898867171 0.0157158573000157 0.21566935926594 0.0392003136025088 0.0536131428790258 0.0300729268476054 0.228020259499163 0.00399653633517618 0.00921926035191234 0.00577567286588888 0.195890005913661 0.171229301092109 0.0570102211182148 0.279632947819949 0.0311817898347365 0.183523654159869 0.0686931135153701 0.0224948875255624 0.0268744961031981 0.0105263157894737 0.00842530963012891 0.0979431929480901 0.0782644084776007 0.019047619047619 0.0116373792621902 0.049477078463822 0.0667406617481701 0.0284706319242434 0.0453982159728102 0.0146348602370847 0
"была" 0.0184672206832872 0.0387409200968523 0.0595987020727104 0.134509633263441 0.142624492974985 0.236764339374088 0.12459046652208 0.0549234994115339 0.0668747213553277 0.130473196490579 0.0469777638584403 0.0541699410234304 0.211228929914241 0.111298741172858 0.106408706166868 0.0763045137054646 0.122583686940123 0.0823464826288134 0.080578422405157 0.076590204112894 0.0796932561461544 0.219948745888573 0.126556983947246 0.179117058265725 0.158831003811944 0.0554405677114134 0.0229697842928439 0.0122164759539032 0.0162892979312592 0.0103939299449122 0.0203915171288744 0.163146144599004 0.212678936605317 0.198199408761086 0.157894736842105 0.117954334821805 0.0126378313481407 0.0500892214256645 0.0507936507936508 0.0290934481554754 0.0341221230784979 0.0609371259439814 0.174537352231231 0.0797536226549368 0.0878091614225084 0.0295072292711714
"оно" 0.110803324099723 0.116222760290557 0.165551950201973 0.224182722105735 0.111267334945024 0.163776836258767 0.0599880023995201 0.0784621420164771 0.122603655818101 0.186977336703035 0.148160639861235 0.160983909238645 0.109839043555405 0.0575683143997544 0.0193470374848851 0.082174091682808 0.0282885431400283 0.19998431495569 0.0283113376018119 0.0172327959254011 0.0541312683256898 0.0504469600661864 0.0506227935788983 0.0777051943946897 0.0360979554118055 0.0591366055588409 0.0459395685856877 0.0570102211182148 0.0570125427594071 0.0103939299449122 0.122349102773246 0.103039670273055 0.0858895705521472 0.0638269282450954 0.0757894736842105 0.0421265481506445 0.0126378313481407 0.0219140343737282 0.114285714285714 0.104736413359711 0.351457867708529 0.177007842027755 0.0470384353530977 0.00613489405037975 0.080491731303966 0.0708173502508114
"этом" 0.23084025854109 0.145278450363196 0.112575326137342 0.1397845208424 0.135543844387574 0.161996653255955 0.0415301555073601 0.0627697136131816 0.156041016495765 0.140746676529207 0.0710689248114867 0.0930807437304015 0.0929407291622661 0.0844335277863064 0.0628778718258767 0.0117391559546869 0.0125726858400126 0.0548976550858756 0 0 0.130817231787084 0.13519785297738 0.103909944714581 0.111948161416078 0.106849948018944 0.0924009461856889 0.130510138027522 0.0610823797695158 0.133029266438616 0.176696809063507 0.101957585644372 0.163146144599004 0.106339468302658 0.0873421123353937 0.0884210526315789 0.0337012385205156 0.00631891567407033 0.00626115267820806 0.152380952380952 0.186198068195042 0.168904509238565 0.129128671643199 0.0816983350869592 0.0723917497944811 0.0878091614225084 0.12393036293892
"здесь" 0.0738688827331487 0.271186440677966 0.139063638169658 0 0.0192189033086859 0.0640865881012568 0.369156937843201 0.117693213024716 0.00557289344627731 0.0123281760463539 0.0542051121443542 0.0900289160671097 0.160533986734823 0.207245931839116 0.0967351874244256 0.108587192580853 0.0565770862800566 0.145086659869814 0.0326669280020907 0.0229770612338682 0.124802646417563 0.121072704158847 0.0972490508226204 0.0605837108839954 0.157387085595472 0.0702247191011236 0.095011380484036 0.0447937451643116 0.0298637128739751 0.0519696497245609 0.132544861337684 0.111626309462476 0.032719836400818 0.0335931201289976 0.126315789473684 0.101103715561547 0.176929638873969 0.112700748207745 0.184126984126984 0.157104620039567 0.145019023083616 0.164675328443854 0.177013059355078 0.152145372449418 0.131713742133763 0.33048096783712
"них" 0.0646352723915051 0.0581113801452785 0.0463545460565525 0.0738484261054186 0.0262995518960965 0.0213621960337523 0.17073508375248 0.109846998823068 0.0501560410164958 0.0626682282356325 0.0975692018598376 0.083925260740526 0.105614464957121 0.207245931839116 0.0822249093107618 0.137935082467571 0.0754361150400754 0.0784252215512509 0.126312121608084 0.0899934898326504 0.0842041951732952 0.070625744092661 0.153200559515087 0.11853334738173 0.174714104193139 0.0924009461856889 0.0396750819603667 0.15474202874944 0.0733018406906662 0.114333229394034 0.0815660685154976 0.120212948651898 0.118609406952965 0.147809728567589 0.0989473684210526 0.0589771674109024 0.0537107832295978 0.0375669160692483 0.101587301587302 0.0872803444664262 0.129664067698292 0.106639970401967 0.181964473602773 0.165642139360253 0.0878091614225084 0.0649159043965772
"который" 0.166204986149584 0.116222760290557 0.0794649360969472 0.0791233136843771 0.0617027948331496 0.236764339374088 0.15689169858336 0.117693213024716 0.167186803388319 0.100680104378557 0.0807053891927052 0.0602735963500141 0.168983143931393 0.145839729812711 0.159613059250302 0.0704349357281212 0.0314317146000314 0.0627401772410007 0.102356374406551 0.178072224562478 0.0541312683256898 0.0786972577032508 0.114567374941717 0.0803392687809504 0.0996303569365831 0.13675340035482 0.128421975819082 0.0936596489799243 0.0461530108052343 0.062363579669473 0.0713703099510604 0.111626309462476 0.0593047034764826 0.0806234883095942 0.0315789473684211 0.109529025191676 0.123218855644371 0.128353629903265 0.107936507936508 0.0523682066798557 0.08359920154232 0.0812495012586418 0.108931113449279 0.153372351259494 0.117078881896678 0.129831808793154
"ли" 0.313942751615882 0.348668280871671 0.132441560161579 0.0646173728422413 0.0617027948331496 0.0391640260618792 0.12459046652208 0.0863083562181248 0.117030762371823 0.124309108467402 0.131296827194102 0.127413804942435 0.177432301127962 0.12665029167946 0.0532043530834341 0.0498914128074191 0.0848656294200849 0.133322876637126 0.13937889280892 0.111055795963696 0.153371926922788 0.0565005952741288 0.0865916205954839 0.0816563059740807 0.0418736282776943 0.0813128326434063 0.169141138883668 0.175102822005945 0.0542976597708639 0.062363579669473 0.0713703099510604 0.0858663918942126 0.0552147239263804 0.0201558720773985 0.0652631578947368 0.117954334821805 0.0631891567407033 0.0594809504429765 0.203174603174603 0.0698242755731409 0.0392404415402726 0.09503289879359 0.0668440923438757 0.0858885167053165 0.080491731303966 0.118028917084686
"им" 0.0831024930747922 0.0581113801452785 0.0728428580888683 0.0382429349474489 0.0424838915244636 0.0178018300281269 0.11074708135296 0.133385641428011 0.0557289344627731 0.0678049682549467 0.0782962730974006 0.0740068208348275 0.181656879726247 0.253300583358919 0.14993954050786 0.0880436696601514 0.0785792865000786 0.0980315269390636 0.215601724813799 0.179986979665301 0.0721750244342531 0.0786972577032508 0.113235196163325 0.11853334738173 0.128508721266027 0.033264340626848 0.0542922174194491 0.179174980657246 0.181897160232394 0.0311817898347365 0.050978792822186 0.0257599175682638 0.128834355828221 0.104138672399892 0.0442105263157895 0.0505518577807734 0.129537771318442 0.137745358920577 0.00634920634920635 0.0698242755731409 0.0784808830805453 0.0790731753320711 0.138639598935446 0.155826308879646 0.0512220108297966 0.0295072292711714
"со" 0.184672206832872 0.0968523002421307 0.278127276339315 0.0646173728422413 0.0596797523796037 0.0658667711040695 0.24456647132112 0.176539819537073 0.139322336156933 0.109926236413323 0.107205666241056 0.0862141314879949 0.0675932575725571 0.065244089653055 0.125755743651753 0.0968480366261666 0.100581486720101 0.0548976550858756 0.0871118080055752 0.076590204112894 0.0781896098037742 0.10291179853502 0.0932525144874442 0.0935096407122537 0.079415501905972 0.0739207569485512 0.0501158930025684 0.118092600887731 0.100450670576098 0.114333229394034 0.132544861337684 0.163146144599004 0.141104294478528 0.184762160709487 0.0631578947368421 0.0589771674109024 0.110581024296231 0.125223053564161 0.133333333333333 0.139648551146282 0.0528892907716718 0.100110992622255 0.0581791174104103 0.10920111409676 0.160983462607932 0.135733254647389
"всего" 0.203139427516159 0.184019370460048 0.132441560161579 0.125278580000264 0.101152122677294 0.144194823227828 0.0738313875686401 0.0823852491173009 0.122603655818101 0.0893792763360661 0.122864920860536 0.0762956915822963 0.0675932575725571 0.026865213386552 0.0435308343409915 0.0997828256148383 0.0282885431400283 0.113716571249314 0.0413781088026482 0.0248918163366905 0.102247951281859 0.0847508929111932 0.107906481049757 0.11985038457486 0.0779715836894998 0.255026611472501 0.0793501639207334 0.0488659038156127 0.105880436553185 0.114333229394034 0.142740619902121 0.120212948651898 0.0572597137014315 0.0604676162321956 0.193684210526316 0.0252759288903867 0.0663486145777385 0.0594809504429765 0.101587301587302 0.197835447457233 0.0955419446197942 0.10518908645092 0.0507519960388686 0.0343554066821266 0.080491731303966 0.182944821481263
"под" 0.0738688827331487 0.184019370460048 0.225150652274684 0.027693159789532 0.0262995518960965 0.0249225620393776 0.20303631581376 0.0784621420164771 0.150468123049487 0.102734800386283 0.0770917150497483 0.0984214421411623 0.046470364581133 0.0498925391464538 0.0725513905683192 0.061630568762106 0.0691497721200691 0.0941102658615011 0.10671196480683 0.0938230000382951 0.16389745131945 0.161430272211797 0.127889162725638 0.115899272995469 0.0909668476377498 0.0776167947959787 0.0887468938587149 0.0529380624669137 0.0461530108052343 0.103939299449122 0.0611745513866232 0.0601064743259488 0.114519427402863 0.167965600644988 0.141052631578947 0.0589771674109024 0.0631891567407033 0.0563503741038725 0.177777777777778 0.0640055859420458 0.066538140003071 0.0573099160663634 0.153493841678529 0.115336008147139 0.12439631201522 0.118028917084686
"эти" 0.0738688827331487 0.116222760290557 0.0794649360969472 0.0949479764212525 0.0313571580299613 0.051625307081568 0.1615061603064 0.196155355041193 0.0891662951404369 0.0893792763360661 0.0626370184779205 0.107576925131038 0.126737357948545 0.0690819772797052 0 0.0528262017960909 0.0188590287600189 0.0470551329307505 0 0 0.0917224268851966 0.0887866497164881 0.190501565310065 0.15936150036877 0.155943167379 0.118273211117682 0.134686462444403 0 0.00814464896562958 0.103939299449122 0.152936378466558 0.154559505409583 0.0695296523517382 0.107497984412792 0.126315789473684 0 0 0 0.184126984126984 0.174560688932852 0.184259464623889 0.116070716083774 0.106455406325432 0.0539870676433418 0.0512220108297966 0.112127471230451
"можно" 0.120036934441367 0.12590799031477 0.119197404145421 0.0738484261054186 0.0869908255024732 0.0676469541068822 0.0738313875686401 0.0784621420164771 0.0891662951404369 0.130473196490579 0.101182876002795 0.124361977279143 0.130961936546829 0.0844335277863064 0.0483675937122128 0.0381522568527323 0.022002200220022 0.0352913496980629 0.0283113376018119 0.0038295102056447 0.156379219607548 0.0786972577032508 0.175847598747752 0.134337793699294 0.134284394131916 0.121969248965109 0.102319948213577 0.0529380624669137 0.0244339468968887 0.166302879118595 0.142740619902121 0.103039670273055 0.0756646216768916 0.107497984412792 0.0947368421052632 0.092678405931418 0.0726675302518088 0.0469586450865604 0.152380952380952 0.128011171884092 0.0528892907716718 0.0718187555768352 0.0767469208392647 0.0355823854922026 0.12439631201522 0.241959280023606
"человек" 0.240073868882733 0.0581113801452785 0.0463545460565525 0.134509633263441 0.458219115728144 0.274148182433154 0.00461446172304001 0.20400156924284 0.0557289344627731 0.071914360270398 0.0698643667638344 0.0656142947607749 0.0633686789742723 0.0383788762665029 0.0145102781136638 0.00880436696601514 0.0188590287600189 0.0901890047839385 0.0152445664009757 0.0344655918508023 0.0135328170814224 0.0262324192344169 0.0239792180110571 0.0302918554419977 0.0649763197412499 0.0147841513897102 0.0605567040447702 0.130309076841634 0.146603681381332 0.0415757197796487 0 0.0171732783788425 0.0368098159509202 0.0436710561676969 0.0336842105263158 0.101103715561547 0.075826988088844 0.128353629903265 0.146031746031746 0.238566274874898 0.049477078463822 0.170478864248043 0.0445627282292505 0.0368093643022785 0.0146348602370847 0.0472115668338743
"нас" 0.147737765466297 0.116222760290557 0.0927090921131051 0.0501114320001055 0.0404608490709178 0.0854487841350091 0.14304831341424 0.266771282856022 0.0668747213553277 0.120199716451951 0.11443301452697 0.0701920362557126 0.0633686789742723 0.026865213386552 0.0483675937122128 0.108587192580853 0.0534339148200534 0.101952788016626 0.0566226752036239 0.0478688775705587 0.156379219607548 0.044393324858244 0.0359688270165856 0.0250237066694763 0.0144391821647222 0.0258722649319929 0.158700327841467 0.342061326709289 0.228050171037628 0.062363579669473 0.0713703099510604 0.0772797527047913 0.0143149284253579 0.0436710561676969 0.0926315789473684 0.185356811862836 0.139016144829547 0.159659393294305 0.0444444444444444 0.0174560688932852 0.0972480507737191 0.114619832132727 0.0953147242681191 0.105520177666532 0.080491731303966 0.188846267335497
"ибо" 0.277008310249307 0.0193704600484262 0.00662207800807894 0.0791233136843771 0.119359504759207 0.0160216470253142 0.0599880023995201 0.160847391133778 0.139322336156933 0.205469600772566 0.172251800814281 0.0961325713936934 0.0253474715897089 0.0230273257599018 0.0483675937122128 0.0352174678640606 0.0157158573000157 0.0235275664653753 0.196001568012544 0.174242714356834 0.0390948049018871 0.0121072704158847 0 0.003951111579391 0.0317662007623888 0.162625665286813 0.164964814466788 0.203607932565053 0.119454851495901 0 0 0 0.0593047034764826 0.0268744961031981 0.00210526315789474 0.219058050383352 0.176929638873969 0.190965156685346 0 0 0.266152560012284 0.107365412377491 0.0284706319242434 0.00613489405037975 0.0365871505927118 0.0767187961050457
"об" 0.0646352723915051 0.0677966101694915 0.0529766240646315 0.0567050414738036 0.0647373585134684 0.0783280521237583 0.0646024641225601 0.121616320125539 0.0891662951404369 0.105816844397871 0.0746825989544436 0.152591383164593 0.118288200751975 0.103622965919558 0.145102781136638 0.184891706286318 0.0565770862800566 0.105874049094189 0.0326669280020907 0.0172327959254011 0.159386512292309 0.0524648384688339 0.0679411176979951 0.134337793699294 0.092410765854222 0.155233589591957 0.170185219987889 0.0447937451643116 0.116739968507357 0.0727575096143852 0.050978792822186 0.0858663918942126 0.098159509202454 0.0705455522708949 0.0610526315789474 0.0674024770410313 0.126378313481407 0.0813949848167047 0.0380952380952381 0.075642965204236 0.0375343353863477 0.0384484247027502 0.103979699201584 0.0883424743254684 0.0146348602370847 0.0472115668338743
"этой" 0.0369344413665743 0.12590799031477 0.0794649360969472 0.152971739789796 0.122394068439526 0.234984156371275 0.0599880023995201 0.109846998823068 0.133749442710655 0.0934886683515174 0.0626370184779205 0.102236226720277 0.0760424147691268 0.0614062020264047 0.0193470374848851 0.00880436696601514 0.00942951438000943 0.0117637832326876 0 0 0.0811969024885347 0.133179974574732 0.0919203357090522 0.094826677905384 0.0880790112048054 0.118273211117682 0.126333813610641 0.0203607932565053 0.0515827767823207 0.0831514395592974 0.142740619902121 0.20607934054611 0.0756646216768916 0.104138672399892 0.0610526315789474 0 0 0 0.107936507936508 0.104736413359711 0.158667872315015 0.169027980296996 0.039611313981556 0.0319014490619747 0.0512220108297966 0.0708173502508114
"св" 0 0 0.0463545460565525 0.0131872189473962 0.0627143160599225 0.00534054900843807 0 0.164770498234602 0.0167186803388319 0.029793092112022 0.0867281794309668 0.0152591383164593 0.0506949431794179 0 0.928657799274486 1.21793743029876 0.414898632720415 0.521527723315818 0.063156060804042 0.082334469421361 0.00150364634238027 0.0161430272211797 0.0239792180110571 0.0105362975450427 0.033210118978861 0 0.00104408110422018 0.3868550718736 0.0352934788510615 0 0 0 0.00613496932515337 0 0.0105263157894737 1.09529025191676 0.417048434488642 0.485239332561125 0 0 0 0.00507809382866511 0.0284706319242434 0.0343554066821266 0 0
"своих" 0.0738688827331487 0.0484261501210654 0.0529766240646315 0.0580237633685432 0.0434954127512366 0.0427243920675045 0.1384338516912 0.137308748528835 0.0891662951404369 0.0503400521892786 0.0542051121443542 0.0526440271917845 0.12251277935026 0.214921707092416 0.154776299879081 0.114456770558197 0.0785792865000786 0.0509763940083131 0.154623459209896 0.147436142917321 0.0616495000375912 0.100893920132373 0.151868380736695 0.144874091244337 0.0693080743906665 0.0554405677114134 0.0490718118983483 0.11402044223643 0.154748330346962 0.0311817898347365 0.0305872756933116 0 0.171779141104294 0.164606288632088 0.0757894736842105 0.0589771674109024 0.0600296989036681 0.0939172901731209 0.0126984126984127 0.0290934481554754 0.0443587600020473 0.10518908645092 0.118833941944668 0.138648605538582 0.00731743011854237 0.04131012097964
"будет" 0.138504155124654 0.0484261501210654 0.0132441560161579 0.0804420355791167 0.0839562618221543 0.0979100651546979 0.00461446172304001 0.0784621420164771 0.35109228711547 0.340052189278596 0.120455804765232 0.0656142947607749 0.223902665709096 0.176542830825913 0.0483675937122128 0.0234783119093737 0.044004400440044 0.117637832326876 0.0348447232022301 0.0689311837016046 0.0977370122547177 0.0181609056238271 0.021314860454273 0.0447792645664314 0.0202148550306111 0.0554405677114134 0.0459395685856877 0.142525552795537 0.12759950046153 0.0519696497245609 0.0917618270799347 0.0601064743259488 0.0593047034764826 0.0302338081160978 0.0421052631578947 0.126379644451934 0.0473918675555275 0.0782644084776007 0.107936507936508 0.116373792621902 0.032416016924573 0.0696424296502644 0.0755090672773411 0.0907964319456203 0.248792624030441 0.318678076128652
"образом" 0.23084025854109 0.154963680387409 0.245016886298921 0.00527488757895847 0.0192189033086859 0.0587460390928187 0.0415301555073601 0.133385641428011 0.072447614801605 0.0770511002897121 0.0746825989544436 0.0587476825183682 0.0971653077605509 0.103622965919558 0.0628778718258767 0.0557609907847626 0.0502907433600503 0.141165398792252 0.0696894464044601 0.0497836326733811 0.10826253665138 0.167483907419739 0.0266435755678412 0.011853334738173 0.0418736282776943 0.0850088704908338 0.11589300256844 0.0895874903286232 0.0461530108052343 0.249454318677892 0.214110929853181 0.0944530310836339 0.0756646216768916 0.0873421123353937 0.124210526315789 0.0589771674109024 0.0789864459258791 0.0688726794602886 0.184126984126984 0.349121377865705 0.312217426168256 0.132030439545293 0.079222627963112 0.0576680040735697 0.0878091614225084 0.0767187961050457
"него" 0.0831024930747922 0.00968523002421308 0.0662207800807894 0.0619799290527621 0.0738410495544249 0.0551856730871934 0.0507590789534401 0.125539427226363 0.0278644672313865 0.0441759641661016 0.0987737599074899 0.0640883809291289 0.130961936546829 0.211083819465766 0.135429262394196 0.0909784586488231 0.0785792865000786 0.0548976550858756 0.0348447232022301 0.0670164285987822 0.0481166829561687 0.0302681760397118 0.0692732964763871 0.121167421767991 0.0664202379577221 0.0443524541691307 0.0563803796278895 0.11402044223643 0.111310202530271 0.0727575096143852 0.050978792822186 0.0515198351365276 0.110429447852761 0.131013168503091 0.0378947368421053 0.0337012385205156 0.154813434014723 0.131484206242369 0.101587301587302 0.151285930408472 0.155255660007166 0.0928565728670192 0.128736770440057 0.169323075790481 0.12439631201522 0.0885216878135143
"нет" 0.138504155124654 0.106537530266344 0.0860870141050262 0.187258509053026 0.204327287808135 0.108591163171574 0.0692169258456001 0.0745390349156532 0.117030762371823 0.10889888840946 0.207183984196198 0.114443537373445 0.071817836170842 0.0537304267731041 0.0145102781136638 0.0704349357281212 0.0565770862800566 0.117637832326876 0.045733699202927 0.044039367364914 0.0601458536952109 0.0282502976370644 0.022647039232665 0.0329259298282584 0.0360979554118055 0.0443524541691307 0.127377894714861 0.0203607932565053 0.0515827767823207 0.0935453695042095 0.0611745513866232 0.034346556757685 0.0470347648261759 0.0537489922063961 0.0505263157894737 0.0168506192602578 0.037913494044422 0.0313057633910403 0.126984126984127 0.110555102990806 0.0750686707726955 0.0993855506467315 0.049514142476945 0.0453982159728102 0.0585394409483389 0.0649159043965772
"говорит" 0.0923361034164358 0.0193704600484262 0.0198662340242368 0.0356054911579697 0.0677719221937872 0.0356036600562538 0.0599880023995201 0.0510003923107101 0.0278644672313865 0.0400665721506503 0.127683153051146 0.04119967345444 0.101389886358836 0.0498925391464538 0.106408706166868 0.293478898867171 0.207449316360207 0.356834758058192 0.0849340128054358 0.0497836326733811 0.0270656341628449 0.0423754464555966 0.0386331845733697 0.0210725950900853 0.179045858842555 0.0406564163217031 0.214036626365136 0.130309076841634 0.276918064831406 0.062363579669473 0 0.0171732783788425 0.081799591002045 0.0571083042192959 0.0147368421052632 0.143230263712191 0.186408012385075 0.197226309363554 0 0.0640055859420458 0.00511831846177469 0.036997540751703 0.125023209754286 0.105520177666532 0.0219522903556271 0.0236057834169371
