"aksakovis_publ1" "aksakovis_publ2" "aksakovks_publ1" "aksakovks_publ2" "annenkov_letters" "annenkov_notes1" "annenkov_notes2" "herzen_natura1" "herzen_natura2" "herzen_notes" "herzen_russkie" "samarin_publ1" "samarin_publ2"
"и" 4.64714818395249 4.87092060399416 4.51360504496088 4.05058288875716 4.4885690337871 3.61039844208834 3.36923501795084 3.69104810880303 4.00919972818985 4.10375752071745 4.27482154445165 3.6138047340842 3.83976145084812
"в" 3.17635685678774 2.97126156843643 2.69181361672311 2.70038859250478 3.14170929795659 2.68925226422676 2.53797293565313 3.22078625076122 2.87491505932779 3.0423430582359 2.74983776768332 3.61079323013913 3.5146893483893
"не" 2.36845739538738 2.05552849488553 1.76923975242322 2.02858460119871 1.03760224283939 1.02006120367222 0.850593758630213 2.58136545097774 2.11175578903351 1.74821205585197 1.89811810512654 1.75871830392098 2.29994622867478
"на" 0.800994337798647 0.954700438382854 1.71084900151816 1.17236382796549 1.56651926356253 1.39099255046212 1.05495719414526 0.903308748900467 0.956562647012702 1.40765126575094 1.54931862426995 1.49972896464494 1.32717407244464
"что" 1.13244027068085 1.09108621529469 0.753240686675231 1.3040901007706 1.0722853261655 0.834595530277271 0.91963545981773 1.45138372014345 1.36427787360828 1.24872289703712 1.45197923426347 0.993796301873155 1.48359974580828
"с" 0.649081618560972 1.17876278616659 0.957608314842929 1.08674175064217 1.19367611780687 0.914963988748416 0.867163766915217 0.879626497056634 1.06371857195128 1.34521512089908 1.18429591174562 1.12329097151117 0.845676296622183
"как" 1.03576854025687 0.672187043351193 0.642298259955623 0.704735559507344 0.890199138703431 0.553305925628265 0.535763601215134 0.930374179579133 0.904291464115833 0.834373935747531 0.900389357560026 0.635427332409805 0.745466099623601
"к" 0.745753348984947 0.837798343886995 0.764918836856242 0.849634459592966 0.517355992947773 0.57185249296776 0.557856945595139 0.666486230462142 0.737023678845852 0.402996934952889 0.551589876703439 1.14437149912666 0.91900083101139
"его" 0.566220135340423 0.360448124695567 0.83498773794231 0.796943950470921 0.4508800832394 0.420388859695218 0.530240265120133 0.957439610257798 0.818044012335999 0.630037461686911 0.511031797534069 0.665542371860507 0.486386078115071
"но" 0.718132854578097 0.798830979055041 0.513838607964498 0.922083909635777 0.369952888811815 0.426571048808383 0.370063518365092 0.808579741525137 0.76577282943913 0.471109092973096 0.697598961713173 0.560139733783051 0.581707972821039
"а" 0.566220135340423 0.51631758402338 0.6189419595936 0.671803991306066 0.557819590161565 0.324564928441161 0.309306821320077 0.493944109885649 0.663844022790236 0.556249290498354 0.600259571706684 0.451725591760525 0.579263821674732
"он" 0.158817842839387 0.194836824159766 0.788275137218265 0.671803991306066 0.390184687418712 0.395660103242558 0.510908588787628 0.883009675891468 0.891223668391616 0.749233738222273 0.494808565866321 0.258989339276034 0.210196998582392
"по" 0.483358652119873 0.662445202143205 0.648137335046129 0.375419877494566 0.4508800832394 0.442026521591295 0.430820215410108 0.294336558630489 0.334535570539961 0.465433079804745 0.494808565866321 0.864301632235138 0.662364960649167
"из" 0.317635685678774 0.545543107647345 0.554712133598038 0.4149377593361 0.56360010404925 0.374022441346481 0.403203534935101 0.473645036876649 0.480894882651194 0.499489158814848 0.584036340038936 0.548093718002771 0.586596275113653
"то" 0.649081618560972 0.565026790063322 0.239402078710732 0.480800895738655 0.445099569351715 0.272016320979259 0.301021817177575 0.581906759591312 0.60634572160368 0.578953343171756 0.819273199221285 0.379449497078841 0.569487217089505
"от" 0.303825438475349 0.535801266439357 0.291953754525283 0.421524072976355 0.436428798520188 0.404933386912306 0.336923501795084 0.510860004059815 0.582823689300089 0.397320921784539 0.486696950032446 0.623381316629525 0.596372879698881
"все" 0.428117663306173 0.428641013151486 0.373700805792362 0.329315682012777 0.583831902656146 0.503848412722945 0.378348522507595 0.581906759591312 0.593277925879463 0.385968895447837 0.494808565866321 0.313196410287297 0.366622671946033
"это" 0.448833034111311 0.214320506575743 0.420413406516408 0.764012382269644 0.508685222116246 0.389477914129393 0.339685169842585 0.571757223086812 0.52271182896869 0.499489158814848 0.551589876703439 0.301150394507017 0.373955125384954
"я" 0.0414307416102748 0.146127618119825 0.332827280158823 0.0395178818415333 0.878638110928062 0.234923186300269 0.234741784037559 0.131943974558495 0.0836338926349903 1.91281643773414 0.113562621674238 0.0210805276154912 0.955663098205993
"о" 0.248584449661649 0.370189965903556 0.601424734322083 0.698149245867088 0.436428798520188 0.380204630459646 0.276166804750069 0.226672981933825 0.37112539856777 0.420024974457941 0.219013627514601 0.433656568090104 0.515715891870753
"для" 0.414307416102748 0.448124695567462 0.105103351629102 0.302970427451755 0.346830833261077 0.429662143364966 0.347970173985087 0.500710467555315 0.318854215670901 0.249744579407424 0.267683322517846 0.650484852135156 0.469277020090922
"их" 0.269299820466786 0.399415489527521 0.262758379072755 0.388592504775077 0.237001069395069 0.417297765138636 0.284451808892571 0.446579606197984 0.470440646071821 0.278124645249177 0.356911096690461 0.635427332409805 0.268856626093758
"же" 0.448833034111311 0.681928884559182 0.280275604344272 0.454455641177633 0.26301338188965 0.200921146177862 0.256835128417564 0.294336558630489 0.38680675343683 0.368940855942786 0.438027255029202 0.418599048364753 0.491274380407684
"за" 0.0966717304239746 0.555284948855334 0.636459184865117 0.309556741092011 0.476892395733981 0.324564928441161 0.226456779895057 0.287570200960823 0.297945742512153 0.391644908616188 0.41369240752758 0.484852135156297 0.32996040475143
"только" 0.538599640933573 0.321480759863614 0.286114679434778 0.2963841138115 0.326599034654181 0.336929306667491 0.295498481082574 0.382299208336153 0.360671161988396 0.147576342377114 0.324464633354964 0.249954827440824 0.476609473529843
"бы" 0.50407402292501 0.496833901607404 0.192689477986687 0.256866231969966 0.182086187462065 0.157645822385707 0.151891742612538 0.246972054942824 0.261355914484345 0.255420592575775 0.300129785853342 0.575197253508402 0.735689495038373
"или" 0.718132854578097 0.418899171943497 0.198528553077193 0.309556741092011 0.26301338188965 0.132917065933047 0.149130074565037 0.257121591447324 0.292718624222466 0.0908162106936088 0.292018170019468 0.590254773233753 0.515715891870753
"так" 0.331445932882199 0.301997077447638 0.192689477986687 0.223934663768689 0.4508800832394 0.213285524404192 0.234741784037559 0.429663712023818 0.467827086926977 0.391644908616188 0.405580791693705 0.228874299825333 0.244415114630689
"мы" 0.745753348984947 0.379931807111544 0.280275604344272 0.684976618586577 0.196537472181277 0.182374578838367 0.196078431372549 0.202990730089993 0.23522032303591 0.238392553070723 0.624594419208306 0.418599048364753 0.178423033680403
"они" 0.248584449661649 0.428641013151486 0.245241153801238 0.256866231969966 0.109829763866008 0.250378659083181 0.182270091135046 0.625888084444144 0.441691495478543 0.289476671585878 0.705710577547047 0.192736252484491 0.18086718482671
"было" 0.220963955254799 0.311738918655626 0.140137802172136 0.546664032141211 0.158964131911327 0.247287564526599 0.27892847279757 0.230056160768658 0.352830484553865 0.351912816437734 0.332576249188838 0.252966331385894 0.278633230678985
"у" 0.262394696865074 0.340964442279591 0.601424734322083 0.191003095567411 0.271684152721177 0.191647862508114 0.157415078707539 0.28418702212599 0.22737964560138 0.40867294812124 0.519143413367943 0.210805276154912 0.197976242850858
"ее" 0.269299820466786 0.185094982951778 0.157655027443653 0.144898900085622 0.242781583282754 0.132917065933047 0.151891742612538 0.480411394546316 0.339762688829648 0.323532750595981 0.308241401687216 0.129494669638017 0.36906682309234
"до" 0.200248584449662 0.272771553823673 0.245241153801238 0.2963841138115 0.234110812451227 0.238014280856851 0.182270091135046 0.304486095134989 0.329308452250274 0.215688500397321 0.267683322517846 0.265012347166175 0.207752847436085
"ни" 0.441927910509598 0.243546030199708 0.157655027443653 0.204175722847922 0.179195930518223 0.129825971376464 0.104943385805026 0.297719737465322 0.363284721133239 0.289476671585878 0.365022712524335 0.301150394507017 0.263968323801144
"она" 0.214058831653087 0.0779347296639065 0.204367628167698 0.111967331884344 0.115610277753692 0.108188309480387 0.146368406517537 0.757832059002639 0.324081333960588 0.323532750595981 0.243348475016223 0.0602300789014034 0.224861905460234
"во" 0.193343460847949 0.243546030199708 0.268597454163261 0.230520977408944 0.184976444405908 0.247287564526599 0.231980115990058 0.253738412612491 0.211698290732319 0.198660460892269 0.146009085009734 0.249954827440824 0.21997360316762
"есть" 0.731943101781522 0.224062347783731 0.128459651991125 0.1778304682869 0.242781583282754 0.105097214923805 0.0524716929025131 0.345084241152987 0.164654226125137 0.158928368713815 0.27579493835172 0.0933566222971752 0.222417754313927
"еще" 0.145007595635962 0.233804188991719 0.204367628167698 0.243693604689455 0.268793895777335 0.302927266545084 0.24026512013256 0.152243047567494 0.112383043228268 0.227040526734022 0.0973393900064893 0.156598205143649 0.156425673363641
"de" 0.0138102472034249 0 0 0 0.0635856527645308 0.714042842570554 0.875448771057719 0.016915894174166 0.0679525377659296 0.051084118515155 0.0162232316677482 0 0.00733245343892066
"быть" 0.234774202458224 0.0876765708718948 0.13429872708163 0.302970427451755 0.11272002080985 0.173101295168619 0.127036730185032 0.186074835915827 0.201244054152945 0.0908162106936088 0.105451005840363 0.210805276154912 0.25908002150853
"вы" 0.0414307416102748 0 0.035034450543034 0.0329315682012777 0.231220555507385 0.0710951748013972 0.0773267053300193 0.081196292035997 0.117610161517955 0.232716539902373 0.129785853341986 0.0090345118352105 0.747910250769908
"при" 0.172628090042812 0.253287871407696 0.052551675814551 0.263452545610222 0.147403104135958 0.136008160489629 0.196078431372549 0.0981121862101631 0.117610161517955 0.119196276535362 0.129785853341986 0.316207914232368 0.234638510045461
"может" 0.303825438475349 0.0876765708718948 0.0992642765385963 0.230520977408944 0.130061562472904 0.142190349602794 0.0911350455675228 0.206373908924826 0.167267785269981 0.124872289703712 0.162232316677482 0.240920315605613 0.202864545143472
"всех" 0.1104819776274 0.136385776911836 0.227723928529721 0.0987947046038332 0.234110812451227 0.272016320979259 0.226456779895057 0.0744299343663306 0.128064398097329 0.119196276535362 0.129785853341986 0.17767873275914 0.124651708461651
"себе" 0.214058831653087 0.11690209449586 0.105103351629102 0.171244154646644 0.0867077083152692 0.0401842292355723 0.0469483568075117 0.35861695649232 0.209084731587476 0.113520263367011 0.202790395846853 0.17466722881407 0.244415114630689
"тем" 0.276204944068499 0.17535314174379 0.105103351629102 0.0987947046038332 0.106939506922165 0.160736916942289 0.149130074565037 0.186074835915827 0.164654226125137 0.147576342377114 0.186567164179104 0.18671324459435 0.175978882534096
"себя" 0.200248584449662 0.233804188991719 0.0817470512670793 0.171244154646644 0.0606953958206885 0.126734876819882 0.0966583816625242 0.324785168143988 0.182949140139041 0.141900329208764 0.073004542504867 0.210805276154912 0.175978882534096
"если" 0.214058831653087 0.155869459327813 0.0934252014480906 0.144898900085622 0.101158993034481 0.111279404036969 0.124275062137531 0.165775762906827 0.167267785269981 0.0851401975252583 0.13789746917586 0.228874299825333 0.224861905460234
"был" 0.0414307416102748 0.126643935703848 0.0817470512670793 0.276625172890733 0.135842076360588 0.163828011498872 0.237503452085059 0.111644901549496 0.185562699283885 0.346236803269384 0.219013627514601 0.0782991025718244 0.0806569878281273
"уже" 0.165722966441099 0.185094982951778 0.140137802172136 0.263452545610222 0.202317986068962 0.296745077431919 0.265120132560066 0.0744299343663306 0.0862474517798338 0.0454081053468044 0.0486696950032446 0.0752875986267542 0.112430952730117
"la" 0.00690512360171247 0 0 0 0.0404635972137923 0.550214831071682 0.7981220657277 0.016915894174166 0.023522032303591 0.0227040526734022 0.0162232316677482 0 0.00488830229261377
"без" 0.193343460847949 0.233804188991719 0.110942426719608 0.0856220773233221 0.0953784791467961 0.114370498593552 0.140845070422535 0.226672981933825 0.138518634676703 0.164604381882166 0.13789746917586 0.18069023670421 0.173534731387789
"когда" 0.124292224830824 0.0487092060399415 0.0992642765385963 0.184416781927155 0.245671840226596 0.114370498593552 0.157415078707539 0.18945801475066 0.125450838952485 0.221364513565671 0.17845554834523 0.120460157802807 0.112430952730117
"между" 0.207153708051374 0.272771553823673 0.0583907509050566 0.144898900085622 0.109829763866008 0.132917065933047 0.146368406517537 0.138710332228162 0.154199989545763 0.130548302872063 0.121674237508112 0.201770764319701 0.158869824509948
"того" 0.200248584449662 0.146127618119825 0.140137802172136 0.210762036488178 0.0838174513714269 0.0370931346789898 0.0469483568075117 0.27403748562149 0.196016935863259 0.187308434555568 0.235236859182349 0.114437149912666 0.131984161900572
"оно" 0.338351056483911 0.0779347296639065 0.035034450543034 0.164657841006389 0.0289025694384231 0.0525486074619023 0.0552333609500138 0.351850598822654 0.180335580994198 0.0340560790101033 0.243348475016223 0.171655724869 0.124651708461651
"ему" 0.0621461124154122 0.0389673648319532 0.420413406516408 0.230520977408944 0.0895979652591115 0.0680040802448147 0.102181717757526 0.128560795723662 0.130677957242172 0.158928368713815 0.0892277741726152 0.114437149912666 0.163758126802561
"этого" 0.0690512360171247 0.146127618119825 0.0817470512670793 0.131726272805111 0.153183618023642 0.120552687706717 0.149130074565037 0.135327153393328 0.141132193821546 0.0737881711885572 0.121674237508112 0.144552189363368 0.146649068778413
"нет" 0.283110067670211 0.0974184120798831 0.140137802172136 0.1185536455246 0.135842076360588 0.0803684584711446 0.035901684617509 0.209757087759659 0.167267785269981 0.181632421387218 0.202790395846853 0.0813106065168945 0.10998680158381
"ли" 0.151912719237674 0.379931807111544 0.116781501810113 0.164657841006389 0.118500534697535 0.0463664183487373 0.0414250207125104 0.101495365044996 0.0810203334901469 0.147576342377114 0.154120700843608 0.17767873275914 0.183311335973017
"были" 0.0759563596188372 0.146127618119825 0.0817470512670793 0.197589409207666 0.0953784791467961 0.136008160489629 0.185031759182546 0.0710467555314974 0.15942710783545 0.158928368713815 0.292018170019468 0.0752875986267542 0.0708803832428997
"франц" 0 0 0 0 0.124281048585219 0.494575129053198 0.458436895885115 0.0270654306786657 0.0365898280278083 0 0.129785853341986 0 0
"чтоб" 0.0414307416102748 0.107160253287871 0.0642298259955623 0 0.135842076360588 0.0432753237921548 0.0110466721900028 0.250355233777658 0.297945742512153 0.272448632080826 0.235236859182349 0.0090345118352105 0.10998680158381
"которые" 0.103576854025687 0.146127618119825 0.0467126007240453 0.158071527366133 0.222549784675858 0.102006120367222 0.190555095277548 0.0710467555314974 0.107155924938581 0.124872289703712 0.0567813108371188 0.0421610552309824 0.136872464193186
"даже" 0.200248584449662 0.282513395031661 0.0467126007240453 0.0987947046038332 0.164744645799012 0.136008160489629 0.0745650372825186 0.081196292035997 0.0731796560556165 0.0737881711885572 0.073004542504867 0.117448653857737 0.190643789411937
"была" 0.103576854025687 0.0779347296639065 0.122620576900619 0.2371072910492 0.0924882222029538 0.154554727829124 0.124275062137531 0.142093511062995 0.133291516387016 0.181632421387218 0.154120700843608 0.0662530867915437 0.0611037786576722
"них" 0.0414307416102748 0.11690209449586 0.0817470512670793 0.217348350128433 0.0664759097083731 0.0680040802448147 0.0856117094725214 0.138710332228162 0.156813548690607 0.10216823703031 0.194678780012979 0.189724748539421 0.124651708461651
"им" 0.0759563596188372 0.204578665367755 0.0759079761765736 0.151485213725878 0.0520246249891615 0.120552687706717 0.110466721900028 0.155626226402328 0.122837279807642 0.051084118515155 0.121674237508112 0.195747756429561 0.119763406169037
"где" 0.172628090042812 0.214320506575743 0.0934252014480906 0.0461041954817888 0.335269805485708 0.139099255046212 0.0773267053300193 0.0608972190269978 0.0653389786210862 0.119196276535362 0.0811161583387411 0.126483165692947 0.0488830229261378
"время" 0.0690512360171247 0.155869459327813 0.105103351629102 0.197589409207666 0.0520246249891615 0.120552687706717 0.0856117094725214 0.0981121862101631 0.122837279807642 0.124872289703712 0.105451005840363 0.159609709088719 0.151537371071027
"мне" 0.00690512360171247 0.0876765708718948 0.186850402896181 0 0.294806208271915 0.0494575129053198 0.0414250207125104 0.0135327153393328 0.0209084731587476 0.499489158814848 0.0405580791693705 0 0.263968323801144
"более" 0.131197348432537 0.263029712615684 0.070068901086068 0.125139959164855 0.0895979652591115 0.120552687706717 0.0635183650925159 0.135327153393328 0.196016935863259 0.0794641843569077 0.00811161583387411 0.141540685418298 0.0977660458522755
"под" 0.0690512360171247 0.136385776911836 0.0817470512670793 0.111967331884344 0.147403104135958 0.188556767951532 0.140845070422535 0.0541308613573313 0.0862474517798338 0.0794641843569077 0.121674237508112 0.111425645967596 0.131984161900572
"жизни" 0.580030382543848 0.0779347296639065 0.0992642765385963 0.131726272805111 0.0606953958206885 0.0340020401224073 0.0110466721900028 0.125177616888829 0.198630495008102 0.192984447723919 0.129785853341986 0.0210805276154912 0.119763406169037
"своей" 0.1104819776274 0.0974184120798831 0.116781501810113 0.125139959164855 0.0722564235960577 0.0494575129053198 0.0856117094725214 0.196224372420326 0.193403376718415 0.0737881711885572 0.210902011680727 0.0752875986267542 0.0977660458522755
"потому" 0.138102472034249 0.0779347296639065 0.0233563003620227 0.0856220773233221 0.03757334026995 0.0340020401224073 0.0193316763325048 0.162392584071994 0.21953896816685 0.0964922238619594 0.113562621674238 0.141540685418298 0.200420393997165
"него" 0.0276204944068499 0.0292255236239649 0.122620576900619 0.105381018244089 0.0635856527645308 0.0525486074619023 0.0524716929025131 0.236822518438325 0.177722021849354 0.164604381882166 0.113562621674238 0.135517677528158 0.0953218947059686
"чем" 0.151912719237674 0.11690209449586 0.0467126007240453 0.111967331884344 0.0982687360906385 0.0741862693579797 0.044186688760011 0.0981121862101631 0.099315247504051 0.0794641843569077 0.105451005840363 0.18069023670421 0.195532091704551
"человек" 0.0276204944068499 0.0194836824159766 0.0759079761765736 0.0856220773233221 0.0809271944275846 0.114370498593552 0.104943385805026 0.230056160768658 0.196016935863259 0.164604381882166 0.0811161583387411 0.0210805276154912 0.0757686855355135
"который" 0.138102472034249 0.0974184120798831 0.0642298259955623 0.0592768227622999 0.190756958293592 0.139099255046212 0.140845070422535 0.0608972190269978 0.0836338926349903 0.130548302872063 0.129785853341986 0.036138047340842 0.0806569878281273
"этом" 0.0690512360171247 0.0487092060399415 0.070068901086068 0.164657841006389 0.0953784791467961 0.0803684584711446 0.0690417011875173 0.159009405237161 0.0653389786210862 0.0567601316835055 0.0973393900064893 0.123471661747877 0.175978882534096
"le" 0.0207153708051374 0 0 0 0.00867077083152692 0.380204630459646 0.557856945595139 0.0101495365044996 0.0104542365793738 0.0113520263367011 0.00811161583387411 0 0
"со" 0.0690512360171247 0.126643935703848 0.221884853439215 0.210762036488178 0.106939506922165 0.0741862693579797 0.0828500414250207 0.0575140401921646 0.0627254194762427 0.0737881711885572 0.0486696950032446 0.150575197253508 0.0953218947059686
"об" 0.151912719237674 0 0.181011327805676 0.1778304682869 0.0895979652591115 0.105097214923805 0.0938967136150235 0.064280397861831 0.0810203334901469 0.0283800658417528 0.154120700843608 0.111425645967596 0.0806569878281273
"l" 0 0 0 0 0.0115610277753692 0.293653982875336 0.497100248550124 0.00338317883483321 0.099315247504051 0.00567601316835055 0 0 0.00244415114630689
"теперь" 0.0552409888136998 0.136385776911836 0.087586126357585 0.138312586445367 0.115610277753692 0.0896417421408921 0.0635183650925159 0.0270654306786657 0.0287491505932779 0.170280395050517 0.194678780012979 0.111425645967596 0.136872464193186
"этот" 0.0621461124154122 0.126643935703848 0.116781501810113 0.0987947046038332 0.0924882222029538 0.111279404036969 0.127036730185032 0.081196292035997 0.0601118603313993 0.0908162106936088 0.121674237508112 0.102391134132386 0.0806569878281273
"нас" 0.220963955254799 0.282513395031661 0.0817470512670793 0.131726272805111 0.0549148819330038 0.0278198510092424 0.0331400165700083 0.0473645036876649 0.0287491505932779 0.0794641843569077 0.332576249188838 0.120460157802807 0.139316615339493
"том" 0.214058831653087 0.107160253287871 0.070068901086068 0.131726272805111 0.0404635972137923 0.0154554727829124 0.0414250207125104 0.135327153393328 0.0731796560556165 0.0964922238619594 0.154120700843608 0.147563693308438 0.122207557315344
"a" 0 0 0 0 0.0202317986068962 0.346202590337238 0.450151891742613 0.0135327153393328 0.0339762688829648 0.0227040526734022 0.0486696950032446 0 0
"эти" 0.117387101229112 0.165611300535801 0.087586126357585 0.158071527366133 0.132951819416746 0.0772773639145621 0.0911350455675228 0.0473645036876649 0.0862474517798338 0.10784425019866 0.0486696950032446 0.0511955670661929 0.087989441267048
"своих" 0.1104819776274 0.0681928884559182 0.0291953754525283 0.131726272805111 0.0780369374837423 0.0803684584711446 0.0938967136150235 0.064280397861831 0.114996602373112 0.0227040526734022 0.0892277741726152 0.156598205143649 0.0806569878281273
"да" 0.0483358652119873 0.146127618119825 0.210206703258204 0.0329315682012777 0.242781583282754 0.117461593150134 0.0690417011875173 0.0101495365044996 0.0784067743453034 0.187308434555568 0.0973393900064893 0.0090345118352105 0.00977660458522755
"меня" 0 0.0389673648319532 0.163494102534159 0.0263452545610222 0.170525159686696 0.0340020401224073 0.0303783485225076 0.016915894174166 0.0130677957242172 0.561925303666704 0.0162232316677482 0.00301150394507017 0.161313975656255
"этой" 0.0966717304239746 0.0876765708718948 0.13429872708163 0.0922083909635777 0.121390791641377 0.0556397020184847 0.08008837337752 0.0744299343663306 0.0888610109246772 0.0681121580202066 0.0324464633354964 0.105402638077456 0.0904335924133548
"своего" 0.1104819776274 0.0876765708718948 0.052551675814551 0.0658631364025555 0.0606953958206885 0.0680040802448147 0.071803369235018 0.118411259219162 0.125450838952485 0.0340560790101033 0.0405580791693705 0.120460157802807 0.087989441267048
"которых" 0.0345256180085624 0.0584510472479299 0.0467126007240453 0.0987947046038332 0.0867077083152692 0.0680040802448147 0.0386633526650097 0.0913458285404967 0.0627254194762427 0.0794641843569077 0.0973393900064893 0.135517677528158 0.141760766485799
"мысль" 0.0897666068222621 0.0389673648319532 0.0291953754525283 0.0922083909635777 0.0317928263822654 0.0154554727829124 0.0276166804750069 0.307869273969822 0.156813548690607 0.0340560790101033 0.0811161583387411 0.0421610552309824 0.0806569878281273
"здесь" 0.0828614832205496 0.0779347296639065 0.17517225271517 0.210762036488178 0.260123124945808 0.0370931346789898 0.0607566970450152 0.0439813248528317 0.0313627097381214 0.0397320921784539 0.0243348475016223 0.0240920315605613 0.0586596275113653
