"dostoevsky_besy" "dostoevsky_idiot" "dostoevsky_karamazovy" "dostoevsky_podrostok" "dostoevsky_prestuplenie" "dostoevsky_unizhennye" "goncharov_oblomov" "goncharov_obryv" "grigorovich_pereselentsy" "grigorovich_rybaki" "leskov_nekuda" "leskov_nozhy" "leskov_soboryane" "pisemsky_boyarshchina" "pisemsky_tyufyak" "pomyalovsky_bursy" "pomyalovsky_molotov" "reshetnikov_gde" "reshetnikov_mezhdu" "saltykov_golovlevy" "saltykov_pompadury" "tolstoy_karenina1" "tolstoy_karenina2" "tolstoy_kazaki" "tolstoy_vojna1" "tolstoy_vojna2" "tolstoy_vojna3" "tolstoy_vojna4" "tolstoy_yunost" "turgenev_dym" "turgenev_gnezdo" "turgenev_nakanune" "turgenev_nov" "turgenev_otcy"
"и" 4.2766032434207 4.69599298151927 4.80777601435737 4.62874179333616 4.88995861543523 4.65254223128206 4.04026836622991 4.28682571486937 3.195119965058 3.25976103818337 4.13642381993077 4.98591442219566 5.0284538468958 3.35010564377355 3.57518014116433 4.06981605351171 4.38282462493533 4.29152547989694 4.34846856528748 4.53765050296053 3.87424840285607 4.83668514993517 4.70124524193612 5.05287638773092 4.48078650092168 4.81722190948945 4.66598819458579 4.65049928673324 4.95206068976561 4.14737265955305 4.09728401338926 3.72323498658908 3.93115587717583 3.75116368216417
"не" 2.37680263799505 2.39305399271451 2.31030395564216 2.4647499882107 2.1812032114884 2.30914468077996 2.61650358291751 2.6673678811876 2.03803643739682 2.3971032663105 2.04401763257666 2.33520718681235 2.05446419959489 2.03010302990699 2.41416803346663 1.94188963210702 2.56182100362131 2.30980174477851 2.27162815690489 2.22205102242962 2.15496993611424 2.39937653452509 2.4134012508046 1.91100969766115 1.75355674244931 2.03930198045136 1.81884795440668 1.90109367570138 1.93758882283472 2.49849003422589 2.47658997500106 2.39805428012911 2.34174326879197 2.44601427450121
"в" 2.37631984241552 2.29340300955505 2.32336219539145 2.20905313569224 2.15118930119536 1.84297147822019 2.36935950732366 2.21143356354612 2.04914088583887 2.06495195501455 2.25724631901351 2.17555655982464 2.02981491603168 2.44832167984491 2.33861010264821 2.92851170568562 2.22452146921883 2.48129706800991 2.4570123589468 2.62265853712223 2.43094701240135 2.05798780656018 2.1908947146751 2.16771249286937 2.14302594885853 2.47343192944749 2.48076531650723 2.51450309082263 2.53407794391401 2.22468290718744 2.44693021482141 2.15256625903532 2.10704739552774 2.17403209024697
"что" 1.91476726839089 2.22903514961951 1.93094534959252 2.20486138401161 1.98322684167085 2.27823355444535 1.71859154740398 1.58294831730247 1.2829339433377 1.14054210836553 1.47718027661238 1.86047886740973 1.93228948975983 1.57485460367248 2.0566500193502 1.46530100334448 1.96792550439731 1.5219174337009 2.12251477700161 1.74880588144659 1.96589627959414 2.29868410163039 2.19884137667973 1.59726183685111 1.12775913409274 1.32797707384474 1.46305719519642 1.51117451260105 2.21781861126123 1.42742097845782 1.29655523071056 1.39564486066282 1.59723580415933 1.53697314860449
"на" 1.17126207592443 1.1738790456392 1.22513074981082 1.06522889584021 1.38756616047053 1.24062223261876 1.61449553730331 1.55600081711775 1.42655147652149 1.78051815604562 1.31234014495297 1.31479471379035 1.34499351616671 1.35703239016315 1.33977111475591 1.69732441471572 1.37196068287636 1.83259736709112 1.39038151531435 1.38781889018512 1.13561630965802 1.32003641479765 1.35252187318717 1.9943832550792 1.48319705062154 1.48747078791601 1.64543049053531 1.30765572990965 1.79146900458376 1.31065029192672 1.51264776916232 1.49338546165386 1.4003520438099 1.41467243487943
"он" 1.22436958967204 1.20582457612572 1.37848136019982 1.06365698895997 1.63864406388345 1.22474895152801 1.76425947441589 1.71898972952533 1.15190145172156 1.12931445840624 0.672122343282233 0.900885680859241 0.880943960389673 1.52475549456534 1.17391224222767 1.61998327759197 1.11743404035178 0.892272768696718 1.17141321869962 1.02353018863771 1.32468996617813 2.02557311925846 2.07805211420943 1.72451621396288 1.674150399395 1.70325640107125 1.56238550783635 1.59771754636234 0.89073039892712 1.5723776927723 1.71814753612135 1.67068236577715 1.60766673185996 1.59721081357355
"я" 1.74385763323951 1.6263612610379 1.45381735875337 3.16215267407559 1.39449244746123 2.73855870607696 0.971786623326908 1.22524198420529 0.478971876133579 0.447234723378774 0.905025497046171 1.32704304231586 1.2860495772112 1.22851728419264 1.09098280596355 0.278010033444816 0.995344024831868 0.767172315518256 2.97689414293391 0.695560300235522 1.08864148816234 1.24003420784022 1.12524733985489 0.965378033261661 0.709930519449827 0.910905276086178 0.449419906370853 0.444127436994769 2.64216657659281 1.41131467686732 1.03173594339223 1.6684093285448 1.27648477736489 1.42745012138802
"с" 1.31175558956582 1.38128659432037 1.268993042302 1.1941252600196 1.47991665367988 1.22474895152801 1.39152859953929 1.30956158155748 1.14745967234474 1.07691875859617 1.32616544631795 1.32746539847192 1.29569494904029 1.4724781633231 1.38952877651438 0.984531772575251 1.02431453698914 1.31811139739692 1.08543793659323 1.13138605797803 1.33643367155205 1.25658638859003 1.21583928670762 1.18478213173022 1.27522805690788 1.44056087201269 1.26277223692245 1.19163100332858 1.35911447386857 1.3569559089994 1.39612728274226 1.21834795653953 1.24649586022557 1.52237007830896
"как" 0.855030971336426 0.924989987221788 1.01820787378374 0.993969117269493 1.04356057326569 1.10611706127087 1.07050993613206 0.940989320966459 1.063806160748 1.0235874212895 0.665741434959933 0.724340807629442 0.859509800769486 0.812476856389815 0.801651217219837 0.497491638795987 0.689084324883601 0.719120485820568 0.865126276195594 0.865048094913165 0.798571965426531 0.962095506082926 1.02511939859662 0.835929615165211 0.957602684690646 0.904934923153029 0.799511500101771 0.911079410366144 0.99481574891411 0.851620696597544 0.694885809923308 0.777378733463654 0.87489406089054 0.830549623058248
"то" 0.974281479478774 0.978868269982645 1.08550803249158 1.11814976080817 1.25077199240417 1.02758609166402 0.726657309218877 0.56633214097889 1.00162124947254 1.03294379625558 0.765708998675962 0.58285149535197 0.648383328510647 0.596832865015574 0.973038718832353 0.733695652173913 0.62493533367822 1.1184477602048 1.15126276195594 1.23483964693711 0.865511086057873 0.718640514221082 0.787514204658333 1.00925885295537 0.708985205842038 0.737765041024854 0.788927335640138 0.937708036138849 0.95678456334194 0.591906583450775 0.474556162874454 0.593262717643315 0.658452311102419 0.600551265903656
"а" 0.851651402279761 0.758587149314363 1.07479357936396 0.991349272469099 1.04586933559592 0.988320606860599 1.05707819289326 1.06312234599721 0.47675098644517 0.523021360604048 1.07411956758711 0.983667487445463 1.30748373683139 0.668714195473654 0.764793689991338 0.714882943143813 0.833936885669943 1.15490087238925 1.13514239656099 1.27666131055887 0.751597143930853 0.493117051504869 0.526863690906635 0.873228311904866 0.413102046603961 0.440100301929277 0.374516588642377 0.388017118402282 0.404331551872535 0.781155627139118 0.612262192279988 0.863754148292949 0.972684008083969 0.929120347553073
"его" 0.618461137369826 0.62985142944329 0.887960302951162 0.586321266328183 0.692051508487588 0.631589500242276 0.606443207231651 0.584586899168539 0.892057358177686 0.907568371710065 0.558329478201222 0.787271874881212 0.796279029889936 0.675248861878934 0.659749737390119 1.08486622073579 0.645628556647698 0.498744853069103 0.486297689414293 0.522770795271951 0.624765125892522 0.956578112499655 0.944858112349907 0.596779147834481 0.768539963132769 0.916875629019327 0.875228984327295 0.866381359961959 0.492403771092296 0.761022750150997 0.987246303122749 0.934218302495795 0.867070865115066 0.799518098680247
"но" 0.925036330367359 0.844887761524231 0.811619824416899 1.01073612399201 0.663191979359665 0.791157746996608 0.43115895796536 0.45289185794321 0.53005233896699 0.452848548358424 0.445068355480403 0.836687545139314 0.713757515352217 0.540199089503148 0.645006726498719 0.731605351170569 0.651836523538541 0.666097777188637 0.597796883396024 0.62842552442165 0.943019541525742 0.969681922259924 0.930554120741583 0.445390319891176 0.53693812922437 0.568036436211043 0.611439039283533 0.677127912505944 0.776636842210613 0.759009462452184 0.718189907207322 0.766013547301905 0.757546124258426 0.722851979628717
"это" 0.681224562707904 0.806743844525394 0.861843823452599 0.884983573573102 0.810952768494629 0.827916924259386 0.60711479439359 0.628485246243649 0.464165944877518 0.282562523975711 0.880565348477356 1.04997740394565 0.978469386661522 0.686139972554401 0.711350275510016 0.46195652173913 0.595964821520952 0.445722144437172 0.546749059645352 0.535977636415663 0.766863960916949 0.848988937625866 0.792282201861108 0.355434639519066 0.49156307605048 0.545007932040325 0.510482393649501 0.619115549215407 0.552453011469405 0.636198912824643 0.447014956993348 0.700095467563759 0.654540713214682 0.721026595841776
"она" 0.443206342002733 0.49539412202239 0.367639672941318 0.550167408082745 0.520625905467726 1.14621798192117 1.09670183544771 1.45038400187763 0.473049503631155 0.202097699267396 0.514726604665507 0.663943877313984 0.304365066606651 0.792872857173975 0.906695169821057 0.0710702341137124 0.982928091050181 0.850848777578022 0.50644814615798 0.713169421760472 0.277151446824502 1.22072333029877 1.32152989136913 0.480494975646145 0.531266247577634 0.862289545059106 0.435579075921026 0.582976699952449 0.466382433595548 0.865713710489229 1.19698317867887 1.17061417466018 0.674098702653367 0.713725060694011
"к" 0.573078352894601 0.550226002708218 0.579250122211731 0.533400401360223 0.529283764206103 0.644121037945496 0.545328775495128 0.639785810837241 0.943137821011097 0.81587589704245 0.663082723158975 0.623397686332977 0.564790105991919 0.792872857173975 0.799808340858412 0.654264214046823 0.569063631660631 0.614732028201453 0.568242880171951 0.553586757940613 0.529641112363773 0.72622693039808 0.738244900229658 0.765720303655272 0.799735312189819 0.788086587175682 0.764502340728679 0.665715644317642 0.704577753758082 0.622105898932958 0.675818821236388 0.67281902077556 0.640198187626312 0.66626508223354
"так" 0.564388032463175 0.64034100661797 0.596661108544107 0.643433882976773 0.689742746157354 0.699259803839663 0.544657188333188 0.367702986391512 0.632213264633812 0.541734110536214 0.474314185290943 0.41602081371137 0.442615396156855 0.337624430939467 0.398061294067781 0.386705685618729 0.467666839110191 0.534369485431182 0.454056958624395 0.717571702141709 0.487363773017663 0.503462164473503 0.551498343120972 0.550704287156084 0.432008318759749 0.482745680023199 0.378587421127621 0.444127436994769 0.536439880702176 0.4469498691363 0.328375916274734 0.386416329499477 0.500684529630354 0.423489038570359
"же" 0.63342780033506 0.668472145404612 0.732265905940495 0.57426998024637 0.657997264116639 0.605690988988956 0.399594361354188 0.393346575276972 0.417527261420925 0.419165598480525 0.520575770627616 0.654652041880836 0.622662336966423 0.466139536909974 0.5252197630061 0.447324414715719 0.612519399896534 0.333048888594318 0.369425040300913 0.343377869736524 0.490886884629838 0.488289332119507 0.488719713284435 0.311553819825354 0.336531644373021 0.376132234788394 0.407897415021372 0.465049928673324 0.416341399947957 0.463056170726797 0.385576882335494 0.354593808246579 0.494165199817459 0.385155979044594
"все" 0.784060021146446 0.655121774455019 0.465743884391051 0.803244415800808 0.762468759559719 0.223896806964193 0.689048428150247 0.170812380203149 0.635914747447828 0.608164372795404 0.609908487139811 0.644937850291637 0.652670160434685 0.385545317911521 0.497576617584726 0.451505016722408 0.699430936368339 0.491288534667738 0.5736163353036 0.62952609451696 0.615370161593386 0.19586747220613 0.210586543122561 0.210627934529817 0.204187739282507 0.205550722412705 0.233665784652962 0.252971944840704 0.250205168237955 0.646265351318703 0.572009660607601 0.67963813247261 0.558054631983832 0.507456692769655
"за" 0.451413866854635 0.480136555222856 0.446993591417723 0.427034702464226 0.383254546818814 0.427743153603235 0.486900692406364 0.535472906896387 0.501921069580474 0.525828273093872 0.570027810125438 0.582429139195918 0.663387240244778 0.396436428586987 0.455190461271953 0.487040133779264 0.473874806001035 0.598162431753975 0.580333154218162 0.47214457088772 0.3358699736941 0.386907225026897 0.42991441445021 0.673570582298477 0.456586472562273 0.432424133872371 0.431508243435783 0.361388492629577 0.334274104765908 0.384537950473123 0.470319054277361 0.406873664590626 0.372905665297607 0.450869795374477
"у" 0.456724618229395 0.442469437186505 0.489851403928186 0.544927718481957 0.400570264295568 0.543033300472857 0.590325115345095 0.678033875615555 0.39679895766244 0.296597086424836 0.602464094097128 0.407151334434275 0.525136910694574 0.492278202531094 0.595249064740247 0.319816053511706 0.51526125193999 0.662783857899141 0.537345513164965 0.591006141181132 0.385193536264562 0.339319705371183 0.335349136595173 0.403703541182149 0.290211277591341 0.332633949132593 0.25239161408508 0.23585354255825 0.378310214375788 0.406684115160056 0.506334477352655 0.484156930490521 0.475911076341352 0.503805925195772
"по" 0.465897734240345 0.448667823698816 0.36228244637751 0.353679048053193 0.450785844978153 0.324149108589951 0.439889591070577 0.405081776970319 0.418267557983728 0.513664985637964 0.522702740068382 0.461635278565003 0.530495450599621 0.440000871288854 0.473619224886202 0.610367892976589 0.399379203310916 0.531055566141687 0.536002149382053 0.602011842134226 0.575441563322059 0.366906673287539 0.328991806991473 0.577032778972311 0.41499267381954 0.378690957474029 0.487685731732139 0.427009034712316 0.458375868211934 0.37245822428025 0.508453031651201 0.434150111378824 0.432883499576244 0.443568260226713
"вы" 0.92117396573117 0.73474720119009 0.433265698347965 0.483623350152737 0.562760817994494 0.545539608013501 0.32303342489305 0.632396980141431 0.118447450048489 0.0879499246811815 0.532274102551832 0.545684153619381 0.379384625277304 0.749308414472108 0.396218417706356 0.052257525083612 0.24831867563373 0.180608601277516 0.325094035464804 0.263036252778939 0.340567455843668 0.317250131038098 0.234426529136436 0.105313967264909 0.281703455121236 0.261842621496682 0.167718298392021 0.105563480741797 0.196160851898557 0.738876585464063 0.622854963772722 0.581897531481566 0.60238607471152 0.7575342715806
"ее" 0.295470894668488 0.297522552590926 0.274223034734918 0.336388072370593 0.353817827108333 0.690070009523969 0.419741976212383 0.648478552832313 0.347939384517438 0.252622124084245 0.431774796475612 0.590876262316961 0.28936115487252 0.642575529852534 0.534434144813224 0.135869565217391 0.703569580962235 0.473061978575512 0.318377216550242 0.395104664216064 0.200817361894025 0.658638859003007 0.650831618178784 0.326912106718154 0.328969135510706 0.469099159033144 0.289843272949318 0.40038040893961 0.328269180728197 0.599959734246024 0.898267022583789 0.652361685684412 0.392463654736293 0.461822098096125
"было" 0.395892375209413 0.42721187038697 0.378688952729172 0.484671288072895 0.454248988473504 0.471185817641063 0.316989140435591 0.276429195443265 0.469348020817139 0.403259761038183 0.381791014617597 0.350133253367234 0.271142119195362 0.422575094208107 0.396218417706356 0.420150501672241 0.43248836006208 0.537683404720678 0.482267598065556 0.363188131452092 0.304161969184517 0.562774145493669 0.667519608388496 0.405897582166835 0.463203667816798 0.556948637906624 0.588642377366171 0.596291012838802 0.568466142236634 0.273807127038454 0.336850133468921 0.327317361458381 0.335093552382815 0.231823740941533
"да" 0.31140314879277 0.399080731600328 0.407149218849402 0.365206365174927 0.622211447998014 0.502096943975672 0.553387821438405 0.433767825554054 0.327951377321755 0.322794936329868 0.584916596210804 0.535969962030182 0.620518921004405 0.31366398745344 0.283802959659436 0.144230769230769 0.204862907397827 0.373644399890641 0.415099408919936 0.729677973190113 0.258361518226231 0.311732737454826 0.292437161770198 0.390539295274036 0.191898662381245 0.238814117325964 0.195399959291675 0.16642891107941 0.124101763446026 0.541574390980471 0.436422185500614 0.493249079419921 0.572397157572202 0.503805925195772
"бы" 0.452862253593206 0.516850075334236 0.569205322404591 0.510345767116756 0.498692663330505 0.311617570886732 0.407653407297466 0.363356615393977 0.356082646708271 0.359284798697593 0.231839669043555 0.286779829959412 0.302221650644632 0.374654207236054 0.429390192212004 0.215301003344482 0.262803931712364 0.392699435805241 0.286136485760344 0.494155972793907 0.391065388951522 0.299318601892466 0.306741153378523 0.29400149194787 0.283594082336815 0.301076369343091 0.317524933848972 0.357584403233476 0.338277387457715 0.352325347292128 0.262700733019787 0.315952175296631 0.320751026794446 0.273807568041181
"только" 0.370787005074182 0.396219937825415 0.405475085548212 0.404504037180837 0.356126589438567 0.35506023492456 0.39220690257285 0.337713026508517 0.406422812978879 0.395774661065317 0.345632534124566 0.277065638370212 0.259353331404259 0.402971094992267 0.379632530453532 0.342809364548495 0.271081220900155 0.407612072607972 0.41778613648576 0.40170808478792 0.342916196918452 0.39173494441226 0.354421125406273 0.351046557549695 0.272250319043343 0.333486856694471 0.340321595766334 0.452686638135996 0.392321703797114 0.308033017918261 0.271174950213974 0.290948765740783 0.35595540778408 0.330394465436358
"ты" 0.141459104800436 0.2393530791677 0.440297058212963 0.358918737653981 0.354395017690891 0.613209911610887 0.566147977515262 0.454195769242471 0.414566075169713 0.481853310753282 0.280759966181186 0.391946512816398 0.420109528555659 0.165544882267094 0.30776035235796 0.255016722408027 0.368339368856699 0.500401812713851 0.381515314347125 0.36648984173802 0.22782788425404 0.365527324891721 0.367135784613673 0.436614155952433 0.207968993713665 0.271224604677345 0.0968858131487889 0.150261531145982 0.220180548049401 0.310046305617073 0.290241938900894 0.554621084693367 0.374209531260186 0.51475822791742
"из" 0.378028938767037 0.335666469589762 0.335161486898233 0.334292196530278 0.292058434774578 0.258149676686327 0.284081369500541 0.328585647413692 0.357563239833877 0.377997548629759 0.434965250636762 0.333239007125148 0.357950465657118 0.379010651506241 0.232202421539539 0.524665551839465 0.324883600620797 0.436608866391059 0.385545405695862 0.369791552023948 0.392239759488914 0.299318601892466 0.318661146385461 0.533151959278599 0.366781679822281 0.3838084028453 0.472216568288215 0.403233475986686 0.32426589803639 0.312059593315885 0.334731579170374 0.306860026367232 0.312927831018971 0.315791395140828
"о" 0.426308496719404 0.33375927373982 0.334491833577757 0.408171819901389 0.278783051375734 0.307440391652325 0.258561057346828 0.243396775861994 0.320548411693724 0.23858756163512 0.359457835489549 0.339996705621983 0.312938730454726 0.298416432507787 0.281960083298012 0.206939799331104 0.335230212105535 0.241916108133186 0.217624932831811 0.130967841341815 0.348788049605411 0.433805070484703 0.491898378086285 0.193075606652332 0.277922200690079 0.419630520444194 0.402198249542031 0.550641940085592 0.334274104765908 0.356351922689752 0.381339773738401 0.402327590125926 0.404198448399505 0.341346768158005
"мне" 0.337956905666572 0.384776762725764 0.344536633384897 0.7367003578708 0.281669004288526 0.806195592240472 0.237741855326694 0.329889558712953 0.14287723662099 0.101048849633698 0.227585730162022 0.372940485794051 0.349376801809043 0.416040427802827 0.269059948768037 0.0731605351170569 0.233833419555096 0.206291475771108 0.991402471789361 0.197002047060377 0.265407741450582 0.262076195205385 0.239989192539674 0.197463688621703 0.190953348773456 0.237961209764086 0.105841644616324 0.112220637184974 0.944774715266519 0.376484799677874 0.292360493199441 0.50688730281402 0.363778603559554 0.361425989814358
"от" 0.303195623940867 0.309919325615547 0.35391177987156 0.296566431404604 0.297253150017604 0.382629617871644 0.399594361354188 0.480708632327438 0.298339514809633 0.312502923867177 0.266934664816203 0.291425747675985 0.335444598055922 0.289703543967414 0.316974734165085 0.319816053511706 0.316606311433006 0.397670314739484 0.310317033852767 0.307059056591314 0.267756482525366 0.275180004965654 0.328197140791011 0.318135942779411 0.349766034882072 0.344574654998891 0.404640749033177 0.451735615786971 0.292239636501932 0.265753976243205 0.294479047497987 0.263672318952584 0.269900254253863 0.273807568041181
"меня" 0.318645082485625 0.390975149238075 0.394760632420596 0.801148539960493 0.303602246425747 0.946548814516533 0.268634864775925 0.364660526693238 0.127331008802126 0.140345624491247 0.173879751782666 0.296916377704663 0.362237297581155 0.446535537694134 0.278274330575162 0.119147157190635 0.264873254009312 0.186407960034133 1.0061794734014 0.22671743963373 0.268930853062758 0.185522359237496 0.209791876922099 0.219404098468559 0.128562650659356 0.168875697251932 0.0968858131487889 0.0932001902044698 0.858704137392662 0.366418361183813 0.286004830303801 0.425057962449425 0.289458243692548 0.28841063833671
"ему" 0.186359093696138 0.28131138786642 0.327795300372997 0.211159490911758 0.300716293512955 0.233086601279888 0.353254847180341 0.321631453817635 0.276870914488344 0.276948698996061 0.188236795507841 0.274531501433899 0.245421127651138 0.363763096560587 0.370418148646407 0.392976588628763 0.235902741852043 0.277540740495265 0.299570123589468 0.212410028394708 0.230176625328824 0.444839857651246 0.482362383680735 0.469524770722717 0.363945738998913 0.461422990976238 0.374516588642377 0.334759866856871 0.246201885546148 0.424803704449366 0.410999533918054 0.34095558485248 0.389855922811135 0.361425989814358
"еще" 0.374166574130847 0.375717582438541 0.353242126551085 0.368874147895479 0.40345621720836 0.392654848034219 0.306915333006494 0.272952098645236 0.284273880116375 0.337765136275601 0.315854961953834 0.259749035972074 0.295791402758576 0.355050208020214 0.385161159537807 0.225752508361204 0.169684428349715 0.2700844220939 0.240462117141322 0.274041953732033 0.217258549417512 0.22759248530994 0.288463830767886 0.324718065733468 0.262797182965449 0.277194957610494 0.249134948096886 0.201616737993343 0.336275746111812 0.277833702436078 0.235159527138681 0.238668909396736 0.230784275376491 0.24277604366318
"был" 0.272779502430876 0.310872923540518 0.285272314522772 0.384593216697843 0.249923522247811 0.308275827499206 0.17864218507599 0.159077178509803 0.196918885705614 0.203968974260612 0.223331791280489 0.23356295429684 0.244349419670128 0.30712932104816 0.316974734165085 0.468227424749164 0.277289187790998 0.207948435415855 0.253895754970446 0.200303757346305 0.297115745960165 0.326215895610913 0.339322467597486 0.337882311641581 0.336531644373021 0.362485713798339 0.347649094239772 0.320494531621493 0.454372585520126 0.10267767263942 0.173721452480827 0.129563122243942 0.186452832648804 0.147856086742238
"вот" 0.201808552240896 0.268437815879313 0.39576511240131 0.286611021163106 0.345159968369956 0.313288442580494 0.307586920168434 0.262520808251151 0.27835150761395 0.307824736384135 0.23024444196298 0.19808503718846 0.261496747366278 0.115445773159947 0.21377365792529 0.229933110367893 0.326952922917744 0.259314184403039 0.209564750134336 0.495256542889217 0.214909808342728 0.146900604154597 0.146218580885099 0.230374303391987 0.161648626931985 0.15352336113812 0.0936291471605943 0.113171659533999 0.108088632678797 0.265753976243205 0.154654463793907 0.209119425376188 0.333789686420236 0.279283719402004
"теперь" 0.270848320112781 0.316117712127858 0.328464953693473 0.287658959083264 0.338233681379255 0.365085465087136 0.175284249266291 0.191240323891567 0.230972527594554 0.161865286913238 0.156863996256534 0.192594407159782 0.196122560524708 0.20910932496896 0.175073254335367 0.123327759197324 0.161407139161924 0.255171785291169 0.182697474476088 0.162884374105787 0.0998214956783164 0.266903914590747 0.337733135196561 0.127254377111764 0.172047076617668 0.194462924108285 0.18644412782414 0.248216833095578 0.128105046137833 0.189249043688343 0.129231812211347 0.215938537073237 0.152552317621748 0.175236843546356
"когда" 0.201325756661372 0.225525909255621 0.207257702687319 0.230546342434674 0.19797636981755 0.299921469030393 0.261247405994587 0.272082824445729 0.207283037584856 0.204904611757221 0.152610057375001 0.20991100955792 0.19290743658168 0.163366660132 0.134529974384019 0.326086956521739 0.329022245214692 0.150783327672055 0.290166577109081 0.219013448966565 0.240745960165351 0.302766972882011 0.335349136595173 0.138224582035192 0.175828331048825 0.2413728400116 0.233665784652962 0.347123157394199 0.376308573029885 0.136903563519227 0.186432778272107 0.240941946629086 0.174718038985592 0.184363762481062
"даже" 0.333128949871335 0.481090153147827 0.346545593346325 0.431226454144856 0.393066786722308 0.271516650236428 0.155136634408097 0.159511815609557 0.254662017604252 0.197419511784354 0.143038694891551 0.18245785941453 0.201481100429755 0.13722799451088 0.340932126863609 0.0940635451505017 0.099327470253492 0.118472614599471 0.12224610424503 0.338975589355286 0.408680947012401 0.0731054649783442 0.096154610255962 0.0526569836324543 0.056718816467363 0.0622622520171264 0.0594341542845512 0.0608654303376129 0.242198602854341 0.197302194483592 0.148298800898267 0.17047779242624 0.235999739226807 0.167935308398591
"нет" 0.192152640650422 0.211698739343543 0.220985595757077 0.194392484189237 0.234339376518733 0.192985680629584 0.3592991316378 0.351186776600877 0.206542741022053 0.206775886750437 0.274910800219078 0.326903664784366 0.294719694777567 0.21564399137424 0.21377365792529 0.106605351170569 0.225556130367305 0.230317390619951 0.159860290166577 0.263036252778939 0.192596768132281 0.228971833705757 0.214559874124874 0.125060336127079 0.13801578673725 0.155229176261877 0.113983309586811 0.124583927722301 0.146119818250966 0.239581236158647 0.129231812211347 0.243214983861436 0.20470695612491 0.202617600350474
"ни" 0.189738662752804 0.235061888505331 0.157368530311858 0.208015677151286 0.168539650107069 0.153720195826163 0.292812002605758 0.265997905049179 0.224309858529327 0.271334874016411 0.271720346057928 0.252146625163135 0.198265976486727 0.15683199372672 0.258002690599488 0.158862876254181 0.24831867563373 0.217890193284343 0.146426652337453 0.369791552023948 0.346439308530628 0.191039752820767 0.175621230302212 0.138224582035192 0.155031431677459 0.187639663613258 0.192143293303481 0.242510699001427 0.222182189395304 0.193275619085967 0.169484343883734 0.16138564349684 0.209922419975227 0.21174451928518
"уже" 0.316231104588006 0.307058531840635 0.334157006917519 0.358918737653981 0.299561912347838 0.214707012648499 0.0973801384812728 0.093012339347262 0.162865243816673 0.305953461390919 0.0829518081898958 0.158805914675609 0.17683181686654 0.15683199372672 0.189816265226766 0.133779264214047 0.0951888256595965 0.189721879323629 0.153143471252015 0.135370121723053 0.171458098459226 0.185522359237496 0.263034512353086 0.16455307385142 0.186226780734509 0.150111730890606 0.148992468959902 0.171184022824536 0.304249484577353 0.217435071471713 0.207618321257574 0.197754239214438 0.195579894386857 0.233649124728474
"сказал" 0.0410376242595123 0.117292544771423 0.0843763183799747 0.0937904438541061 0.0969680178698204 0.141188658122943 0.371387700552716 0.237746493565198 0.196918885705614 0.178706761852188 0.105816729678136 0.0971419158919951 0.158612781189382 0.361584874425494 0.106886828962645 0.160953177257525 0.16554578375582 0.173980762698524 0.192101020956475 0.0649336356232528 0.11978579481398 0.522083367817043 0.520506361302935 0.574838737987626 0.529375620362055 0.488716032956348 0.428251577447588 0.313837375178317 0.352288876879041 0.0744916448560499 0.0699122918520402 0.122744010546893 0.0977899471934285 0.089443805560119
"него" 0.169944043992333 0.215036332080941 0.226677648981122 0.172909756826006 0.214137706129187 0.193821116476466 0.290797241119939 0.30641915532626 0.114745967234474 0.127246699538731 0.121237258123694 0.135153969936689 0.159684489170391 0.193861770023307 0.187973388865341 0.246655518394649 0.182100362131402 0.183922520567012 0.153143471252015 0.194800906869759 0.157365652010522 0.225523462716213 0.234426529136436 0.236956426346044 0.197570544027981 0.211521075345854 0.206798290250356 0.174037089871612 0.124101763446026 0.19528890678478 0.247870852929961 0.252307132790835 0.211226285937806 0.209919135498239
"до" 0.247191336716121 0.274636202391624 0.23203487554493 0.234214125155226 0.244151616422226 0.239770088054938 0.210206781687161 0.187328589993785 0.185074140700765 0.225488636682604 0.168030585820558 0.167253037796652 0.159684489170391 0.10455466248448 0.141901479829718 0.240384615384615 0.225556130367305 0.201320596836864 0.119559376679205 0.225616869538421 0.265407741450582 0.123451681425695 0.112047934265212 0.142612664004564 0.139906413952829 0.129641949405523 0.148992468959902 0.163575844032335 0.156128024980484 0.189249043688343 0.175840006779374 0.17729690412329 0.192972162461699 0.21174451928518
"для" 0.188290276014233 0.185951595369328 0.189846716354943 0.172385787865927 0.147183598552406 0.157061939213688 0.129616322254384 0.123436936330011 0.122148932862505 0.0860786496879649 0.179197175384583 0.213712214962389 0.170401568980484 0.204752880698774 0.248788308792363 0.215301003344482 0.24831867563373 0.154925726783924 0.206878022568512 0.22781800972904 0.257187147688839 0.282766421142652 0.330581139392398 0.160164991882048 0.189062721557877 0.260136806372925 0.302055770405048 0.368996671421778 0.220180548049401 0.122810549627542 0.14618024659972 0.111378824385143 0.162983245322381 0.122300713725061
"быть" 0.247674132295645 0.364751206301375 0.254468261780876 0.272463859240979 0.260312952733863 0.274022957777072 0.169911551970773 0.174724114100931 0.108083298169247 0.104791399620131 0.111134153280053 0.177389585541904 0.110385922043961 0.17643599294256 0.20640215247959 0.052257525083612 0.122090015519917 0.100246058507245 0.0819451907576572 0.151878673152693 0.194945509207065 0.235178901486938 0.178799895104062 0.100925885295537 0.15408611806967 0.183375125803865 0.135151638510075 0.181645268663814 0.226185472087111 0.118783974229917 0.116520486420067 0.179569941355639 0.155160049546907 0.155157621890002
"ну" 0.168978452833286 0.170694028569794 0.157703356972096 0.12732445729915 0.325535488562969 0.282377316245885 0.170583139132712 0.135606775123111 0.250960534790237 0.278819973989278 0.316918446674217 0.214134571118441 0.272213827176371 0.0980199960792002 0.160330243443967 0.0815217391304348 0.0951888256595965 0.288310978186126 0.241805480924234 0.285047654685127 0.110390830514844 0.178625617258407 0.170853233099437 0.175523278774848 0.160703313324195 0.151817546014363 0.0708324852432322 0.0932001902044698 0.0960787846033748 0.203342057580028 0.11440193212152 0.106832749920444 0.187756698611383 0.184363762481062
"они" 0.145321469436626 0.157820456582686 0.142970983921624 0.155618781143405 0.150646742047757 0.116961018563385 0.198789799934184 0.151688347813993 0.260584390106677 0.200226424274179 0.188236795507841 0.193016763315834 0.203624516391774 0.115445773159947 0.149272985275418 0.282190635451505 0.246249353336782 0.324764090370579 0.3788285867813 0.108956439435628 0.176155580608794 0.211040304560126 0.270186508157249 0.215016016499188 0.178664271872194 0.154376268699998 0.238550783635253 0.250118877793628 0.202165775936268 0.17716931749547 0.15253590949536 0.154566531799791 0.249038398852598 0.171586075972473
"ли" 0.223051557739937 0.195010775656552 0.212949755911365 0.180769291227188 0.214714896711745 0.221390499423549 0.306243745844554 0.295987864932175 0.177671175072734 0.191805686804704 0.0946501401141119 0.14317873690168 0.167186445037456 0.331089764534187 0.250631185153788 0.167224080267559 0.231764097258148 0.226174991508082 0.142396560988716 0.263036252778939 0.193771138669673 0.126900052415239 0.155754575290649 0.127254377111764 0.118164200973673 0.130494856967402 0.0903724811723998 0.0960532572515454 0.102083708641086 0.231528085363398 0.15253590949536 0.220484611537937 0.19166829649912 0.229998357154592
"очень" 0.209533281513274 0.285125779566304 0.167413330118997 0.241549690596329 0.222795564867564 0.257314240839446 0.0577564959268239 0.0604145568657449 0.122148932862505 0.0196483874287746 0.278632996740419 0.204420379529242 0.114672753967999 0.278812433291947 0.5325912684518 0.114966555183946 0.08277289187791 0.132556771579828 0.263299301450833 0.117761000198103 0.172632468996618 0.208971281966399 0.215354540325336 0.070209311509939 0.151250177246301 0.127936134281767 0.0773458172196214 0.089396100808369 0.328269180728197 0.150996577410912 0.207618321257574 0.213665499840887 0.224264945563596 0.188014530054944
"или" 0.167530066094715 0.162588446207541 0.13192170413377 0.173957694746163 0.150069551465198 0.0927333790038263 0.355941195828101 0.326412461914924 0.128071305364929 0.163736561906455 0.151546572654617 0.159228270831661 0.118959585892036 0.135049772375787 0.123472716215469 0.144230769230769 0.161407139161924 0.304052094811231 0.354648038688877 0.130967841341815 0.177329951146186 0.144831581560871 0.127146592073999 0.120672254157708 0.146523609207355 0.127083226719888 0.158762466924486 0.255825011887779 0.254208450929762 0.136903563519227 0.0444896402694801 0.115924898849843 0.168198709172697 0.147856086742238
"вас" 0.346164430518474 0.308965727690577 0.192860156297085 0.225306652833886 0.218755230789654 0.222225935270431 0.116184579015588 0.230792299969141 0.0910564772247762 0.050524424816849 0.208974747555315 0.201886242592929 0.141465453493232 0.400792872857174 0.215616534286715 0.0188127090301003 0.0972581479565442 0.0820195024150187 0.103439011284256 0.114459289912175 0.0880777903043968 0.12621037821733 0.0699306256406996 0.0526569836324543 0.100203242425675 0.090408201559115 0.052920822308162 0.0418449833571089 0.0840689365279529 0.231528085363398 0.237278081437227 0.211392462608538 0.213834017862964 0.25737911395871
"себя" 0.183462320218996 0.17736921404459 0.193194982957323 0.165574191384902 0.218755230789654 0.187973065548297 0.137675368197662 0.210364356280723 0.0917967737875793 0.106662674613348 0.128681651166377 0.164296544704287 0.147895701379288 0.18950532575312 0.182444759781066 0.146321070234114 0.21107087428867 0.0969321392177493 0.112842557764643 0.20910831810878 0.204340473506201 0.173108223675136 0.198666550115624 0.190881565667647 0.177718958264404 0.205550722412705 0.162833299409729 0.159771754636234 0.164134590364099 0.197302194483592 0.188551332570654 0.17502386689094 0.209922419975227 0.209919135498239
"если" 0.281469822862302 0.256994640779662 0.249111035217068 0.243645566436644 0.210097372051278 0.200504603251516 0.253188360051309 0.26121689695189 0.114005670671671 0.0692371747490152 0.116451576881969 0.160072983143766 0.141465453493232 0.141584438781067 0.134529974384019 0.114966555183946 0.132436627004656 0.231974350264699 0.23374529822676 0.0583302150513966 0.193771138669673 0.179315291456316 0.184362558507299 0.0131642459081136 0.0141797041168408 0.0238814117325964 0.0122124974557297 0.102710413694722 0.0300246201885546 0.124823837326354 0.0974534977331469 0.184116015820339 0.1369059260708 0.100396108281766
"вдруг" 0.295470894668488 0.299429748440867 0.39409097910012 0.35525095493343 0.314568867494358 0.186302193854534 0.212893130334921 0.168204557604628 0.10660270504364 0.062687712272757 0.034031511052265 0.0861606558346391 0.111457630024971 0.0522773312422401 0.0350146508670733 0.0459866220735786 0.049663735126746 0.0637929463227923 0.0308973670069855 0.143074112390218 0.0880777903043968 0.0917266683218847 0.108074603262899 0.166747114836105 0.102093869641253 0.0955256469303857 0.111540810095665 0.134094151212553 0.152124742288677 0.108717535735857 0.110164823524427 0.120470973314543 0.121259534519851 0.089443805560119
"ей" 0.101869867279495 0.121106936471306 0.0806932251173567 0.117369047057652 0.154687076125666 0.255643369145683 0.200132974258064 0.249481695258544 0.111784780983262 0.0776579122184901 0.163244904578833 0.23145117351658 0.110385922043961 0.272277766886667 0.252474061515213 0.0459866220735786 0.275219865494051 0.292453377297996 0.146426652337453 0.162884374105787 0.0516723036452462 0.253110430632569 0.259855847551236 0.103119926280223 0.0898047927399915 0.20810944509834 0.118868308569102 0.154065620542083 0.102083708641086 0.1489832897121 0.264819287318334 0.304586989134882 0.14994458569659 0.193490681415768
"их" 0.137596740164247 0.139225297045754 0.173775036663519 0.147759246742223 0.144874836222172 0.121138197797791 0.131631083740203 0.145603428417443 0.172489099133113 0.186191861825055 0.174411494142858 0.193861475627938 0.223986968030951 0.139406216645974 0.125315592576894 0.275919732441472 0.264873254009312 0.190550359146003 0.295540032240731 0.111157579626246 0.145621946636603 0.146210929956688 0.169263900698512 0.125060336127079 0.157867372500827 0.133053579653037 0.179930795847751 0.209224916785544 0.160131307672291 0.19528890678478 0.10169060633024 0.147747420102741 0.194276028424278 0.158808389463885
"всё" 0 0.146854080445521 0.287950927804676 0 0.0184700986418706 0.659994319036241 0 0.425509720658736 0.00296118625121224 0.000935637496608314 0.0249918909290071 0.00126706846815646 0.028936115487252 0 0 0 0.0289705121572685 0.00994175786848711 0 0.0374193832405186 0 0.466909431984331 0.46170106246871 0.46294264776866 0.388523892801437 0.440100301929277 0.347649094239772 0.386115073704232 0.440361096098801 0 0 0 0 0.0018253837869412
"была" 0.115870939085682 0.15114527110789 0.11685450442306 0.179197384346951 0.173734365350095 0.21554244849538 0.104767597262611 0.123002299230258 0.122148932862505 0.0963706621506563 0.169094070540941 0.173588380137435 0.107170798100933 0.230891546319894 0.246945432430938 0.142140468227425 0.192446973616141 0.198835157369742 0.143739924771628 0.167286654487024 0.133878241262683 0.278628375955199 0.256677182749386 0.136030541050507 0.186226780734509 0.223461781212152 0.178302462853654 0.202567760342368 0.19816249324446 0.10267767263942 0.15253590949536 0.100013638223394 0.0925744833431123 0.0784915028384718
"ничего" 0.173323613048999 0.149238075257948 0.122546557647106 0.176053570586478 0.157573029038458 0.148707580744875 0.147077588464819 0.162988912407585 0.182853251012356 0.10011321213709 0.214292171157231 0.175277804761643 0.1607561971514 0.178614215077654 0.219302287009565 0.0982441471571906 0.198654940506984 0.151611807494428 0.236432025792585 0.162884374105787 0.166760616309658 0.183453336643769 0.173237231700824 0.171135196805476 0.146523609207355 0.144994285519335 0.105027478119275 0.0960532572515454 0.162132949018195 0.167102879001409 0.154654463793907 0.156839569032141 0.156463915509486 0.15150685431612
"есть" 0.202291347820419 0.16687963686991 0.191520849656133 0.220066963233098 0.181815033505913 0.134505171347892 0.132302670902143 0.174724114100931 0.161384650691067 0.135667437008206 0.127086424085802 0.163029476236131 0.141465453493232 0.0740595525931735 0.125315592576894 0.160953177257525 0.159337816864977 0.165695964474785 0.132993014508329 0.184895776011974 0.189073656520105 0.164832133300229 0.113637266666137 0.138224582035192 0.0538828756439949 0.0852907561878444 0.080602483207816 0.168330955777461 0.0540443163393983 0.0966378095429837 0.0741494004491335 0.115924898849843 0.147336853771432 0.129602248872826
"мы" 0.173806408628523 0.126351725058646 0.154020263709478 0.187580887708212 0.120632831754717 0.27235208608331 0.0745461749753192 0.0912737909482478 0.165086133505082 0.10011321213709 0.178133690664199 0.138110463029054 0.129676665702129 0.161188437996907 0.136372850745443 0.135869565217391 0.117951370926022 0.15823964607342 0.181354110693176 0.161783804010477 0.286546411123638 0.113106568457061 0.142245249882787 0.081179516433367 0.0964219879945172 0.0963785544922641 0.114797476083859 0.181645268663814 0.252206809583859 0.213408496074089 0.116520486420067 0.229576760467336 0.196883760349436 0.255553730171769
"может" 0.182979524639472 0.289416970228673 0.229356262263026 0.234738094115305 0.203171085060576 0.20885896172033 0.120214101987226 0.11474419433494 0.100680332541216 0.0944993871574397 0.101562790796603 0.139799887653262 0.102883966176896 0.154653771591627 0.162173119805392 0.0647993311036789 0.12829798241076 0.0994175786848711 0.0591080064481462 0.165085514296406 0.155016910935738 0.160004413914867 0.128735924474924 0.0658212295405678 0.0926407335633596 0.102348907425413 0.0716466517402809 0.144555397051831 0.0880722192197602 0.0926112341453594 0.0783865090462268 0.113651861617493 0.119955668557272 0.102221492068707
"вам" 0.275676275908018 0.219327522743311 0.156698876991382 0.160858470744193 0.236070948266408 0.161239118448094 0.10879712023425 0.167769920504874 0.0888355875363671 0.0449105998371991 0.188236795507841 0.21582399574265 0.157541073208372 0.298416432507787 0.156644490721118 0.0292642140468227 0.0558717020175892 0.0687638252570359 0.0994089199355185 0.0660342057185622 0.0962983840661406 0.0855196005407046 0.0627786298365372 0.0570450656018254 0.0973673016023066 0.075055865445303 0.0594341542845512 0.0294816928197813 0.0840689365279529 0.253674250050332 0.182195669675014 0.195481201982088 0.243822935002282 0.193490681415768
"того" 0.147252651754721 0.181660404706959 0.174444689983995 0.177101508506636 0.151223932630315 0.142859529816705 0.0758893492991988 0.0647609278632806 0.13547427099296 0.171221661879321 0.0728487033462547 0.127973915283802 0.111457630024971 0.139406216645974 0.117944087131194 0.20066889632107 0.120020693222969 0.138356130336446 0.108812466415905 0.167286654487024 0.241920330702743 0.166901155893956 0.184362558507299 0.0899556803721094 0.13801578673725 0.166316974566297 0.229594952167718 0.272943414170233 0.168137873055906 0.104690960338232 0.0932163891360536 0.0886484520616448 0.108220874894061 0.080316886625413
"чем" 0.156908563345194 0.19310357980661 0.1436406372421 0.17081388098569 0.170271221854744 0.189643937242059 0.0940222026715737 0.0791039521551481 0.174709988821522 0.145023811974289 0.148887860853659 0.185414352506895 0.151110825322316 0.11762399529504 0.125315592576894 0.117056856187291 0.124159337816865 0.124271973356089 0.138366469639979 0.123263850674649 0.0904265313791808 0.153107671935778 0.192309220511924 0.105313967264909 0.117218887365884 0.128789041843645 0.107469977610421 0.193057536852116 0.136111611521448 0.0926112341453594 0.10169060633024 0.120470973314543 0.148640719734011 0.131427632659767
"потому" 0.160770927981383 0.17736921404459 0.177792956586375 0.218495056352862 0.173157174767537 0.161239118448094 0.053726972955185 0.0556335487684558 0.0895758840991701 0.047717512327024 0.0547694630997389 0.164718900860339 0.167186445037456 0.13722799451088 0.21377365792529 0.169314381270903 0.18416968442835 0.332220408771944 0.299570123589468 0.117761000198103 0.165586245772266 0.142762558967144 0.127146592073999 0.081179516433367 0.0756250886231507 0.104907630111049 0.143293303480562 0.167379933428436 0.142116535559159 0.0845580833501107 0.0402525316723868 0.0818293403645952 0.108220874894061 0.0675392001168246
"опять" 0.172840817469475 0.170694028569794 0.171766076702091 0.136755898580568 0.212406134381511 0.116125582716503 0.200132974258064 0.222968832173577 0.0814326219083365 0.0318116748846827 0.163776646939025 0.0853159435225348 0.124318125797083 0.0958417739441068 0.0718721780955716 0.148411371237458 0.0889808587687532 0.0869903813492622 0.0994089199355185 0.124364420769959 0.0704622322435175 0.146210929956688 0.129530590675387 0.144806704989249 0.139906413952829 0.157787898947512 0.131894972521881 0.111269614835949 0.0480393923016874 0.146970002013288 0.110164823524427 0.102286675455744 0.114740204706956 0.100396108281766
"этого" 0.0922139556890217 0.116815745808937 0.10848383791711 0.125228581458834 0.0986995896174958 0.121973633644672 0.129616322254384 0.13430286382385 0.156202574751445 0.0944993871574397 0.140379983090593 0.202308598748981 0.174688400904522 0.135049772375787 0.186130512503916 0.0919732441471572 0.103466114847387 0.111016296198106 0.154486835034927 0.118861570293412 0.16206313416009 0.188970730227041 0.185951890908224 0.0636271885558822 0.136125159521671 0.182522218241987 0.157948300427437 0.21398002853067 0.180147721131328 0.10267767263942 0.0741494004491335 0.104559712688094 0.116044070669535 0.111348411003413
"во" 0.150632220811386 0.167833234794881 0.161051623574475 0.161906408664351 0.159304600786134 0.163745425988738 0.0758893492991988 0.0947508877462762 0.164345836942279 0.14408817447768 0.119110288682927 0.144445805369836 0.117887877911027 0.0914853296739201 0.0903009417098207 0.171404682274247 0.132436627004656 0.125928933000837 0.119559376679205 0.111157579626246 0.209037955655769 0.110347871665425 0.123967927272149 0.0899556803721094 0.101148556033464 0.130494856967402 0.125381640545492 0.194008559201141 0.144118176905062 0.10267767263942 0.0932163891360536 0.111378824385143 0.135602060108221 0.114999178577296
"нибудь" 0.177185977685188 0.163542044132512 0.117524157743536 0.150379091542617 0.207211419138485 0.197162859863991 0.219609001954319 0.186893952894031 0.108083298169247 0.106662674613348 0.104221502597561 0.116992655226446 0.0728761427086348 0.121980439565227 0.136372850745443 0.123327759197324 0.157268494568029 0.192207318790751 0.279419666845782 0.168387224582334 0.152668169860955 0.0689674197908908 0.0834399510485621 0.0351046557549695 0.0661719525452569 0.0733500503215462 0.0635049867697944 0.089396100808369 0.190155927860846 0.0785182202536742 0.0741494004491335 0.111378824385143 0.083447421605059 0.0930945731340014
"уж" 0.149666629652339 0.184521198481872 0.183150183150183 0.181293260187267 0.273011145550149 0.251466189911277 0.127601560768564 0.0847542344519444 0.253921721041449 0.132860524518381 0.176006721223433 0.0895395050830563 0.116816169930017 0.148119105186347 0.140058603468293 0.0209030100334448 0.033109156751164 0.174809242520898 0.11149919398173 0.255332262111774 0.104518977827884 0.0537945874368948 0.0683412932397746 0.136030541050507 0.0444297395661011 0.0520273612745851 0.025239161408508 0.0199714693295292 0.0980804259492784 0.0765049325548621 0.0529638574636668 0.0636450425057963 0.0873590194927961 0.0784915028384718
"себе" 0.0946279335866401 0.115385348921481 0.128908264191628 0.116321109137495 0.107934638938431 0.12698624872596 0.117527753339467 0.129087218626808 0.0806923253455334 0.0748509997286651 0.135594301848868 0.154159996959036 0.1607561971514 0.135049772375787 0.151115861636843 0.125418060200669 0.169684428349715 0.105216937441489 0.119559376679205 0.151878673152693 0.192596768132281 0.193108775414494 0.175621230302212 0.160164991882048 0.111547005719147 0.155229176261877 0.135965805007124 0.175939134569662 0.158129666326388 0.134890275820415 0.154654463793907 0.131836159476292 0.12256340048243 0.15150685431612
"ней" 0.0733849280875984 0.0977437873095188 0.0974345581292565 0.119464922897968 0.123518784667509 0.294073418102224 0.208863607363282 0.295553227832421 0.0651460975266692 0.0318116748846827 0.0893327165121955 0.0912289297072649 0.0610873549175321 0.121980439565227 0.208245028841015 0.052257525083612 0.16554578375582 0.153268767139176 0.100752283718431 0.106755299245009 0.0516723036452462 0.157245717123231 0.168469234498049 0.136030541050507 0.0718438341919932 0.151817546014363 0.0578058212904539 0.0817879220161674 0.124101763446026 0.187235755989531 0.294479047497987 0.222757648770287 0.131690462220484 0.208093751711297
"ведь" 0.164150497038049 0.209314744531116 0.228016955622074 0.137279867540647 0.292635625357137 0.31078213503985 0.0987233128051524 0.0847542344519444 0.0940176634759885 0.080464824708315 0.12974513588676 0.11572558675829 0.153254241284335 0.0500991091071467 0.121629839854044 0.0376254180602007 0.0869115364718055 0.0762201436584012 0.0900053734551317 0.170588364772952 0.0810315670800451 0.0496565422494414 0.0500639706291372 0.0745973934793102 0.0311953490570497 0.0614093444552479 0.0317524933848972 0.0266286257727057 0.0740607297984347 0.0946245218441715 0.118639040718614 0.0795563031322453 0.168198709172697 0.142379935381414
"чтобы" 0.153528994288528 0.133980508458414 0.170091943400901 0.0712597785707175 0.133331024571003 0.0142024093969824 0.00671587161939812 0.0525910890701809 0.0436774972053805 0.125375424545514 0.111134153280053 0.149514079242462 0.162899613113419 0.18297065934784 0.127158468938319 0.146321070234114 0.140713916192447 0.188064919678881 0.206878022568512 0.0913473179106777 0.205514844043593 0.188970730227041 0.197871883915161 0.0899556803721094 0.139906413952829 0.148405915766849 0.1807449623448 0.182596291012839 0.144118176905062 0.0483189047714918 0.0508453031651201 0.0431877074146475 0.132994328183063 0.0857930379862366
"тем" 0.127940828573774 0.122060534396277 0.13526997073615 0.167146098265139 0.111397782433782 0.10777122424769 0.0732030006514395 0.0569374600677165 0.145838422872203 0.207711524247046 0.0818883234695126 0.156271777739296 0.105027382138915 0.11762399529504 0.127158468938319 0.108695652173913 0.0807035695809622 0.112673255842854 0.0926921010209565 0.150778103057384 0.146796317173995 0.14552125575878 0.129530590675387 0.0570450656018254 0.116273573758094 0.111730890606076 0.127009973539589 0.169281978126486 0.116095198062411 0.110730823434669 0.0826236176433202 0.120470973314543 0.0977899471934285 0.111348411003413
"сам" 0.135182762266629 0.183567600556901 0.223999035699219 0.176053570586478 0.180083461758238 0.155391067519925 0.104767597262611 0.0990972587438119 0.104381815355231 0.126311062042122 0.0707217339054881 0.102210189764621 0.125389833778092 0.141584438781067 0.125315592576894 0.0961538461538462 0.122090015519917 0.0662783857899141 0.132993014508329 0.089146177720059 0.084554678692221 0.075174487572071 0.0659572946383871 0.100925885295537 0.093586047171149 0.0861436637497228 0.0952574801546916 0.0770328102710414 0.0600492403771092 0.0905979464465472 0.0995720520316936 0.068191116970496 0.114740204706956 0.131427632659767
"время" 0.114422552347111 0.115862147883966 0.0927469848859246 0.110033481616549 0.122941594084951 0.119467326104028 0.0382804682305693 0.039551976077574 0.151020498811824 0.181513674342013 0.114324607441203 0.10981260057356 0.106099090119924 0.135049772375787 0.125315592576894 0.171404682274247 0.177961717537506 0.125100453178463 0.173293927995701 0.172789504963571 0.212561067267944 0.133107120196419 0.142245249882787 0.0855675984027382 0.155976745285248 0.150111730890606 0.151434968451048 0.177841179267713 0.164134590364099 0.0825447956512986 0.103809160628787 0.104559712688094 0.0912706173805333 0.114999178577296
"раз" 0.146769856175197 0.143993286670608 0.175114343304471 0.188104856668291 0.154687076125666 0.134505171347892 0.0779041107850182 0.0512871777709202 0.142136940058187 0.15531582443698 0.0994358213558367 0.0806700258059611 0.0857366384807468 0.11762399529504 0.117944087131194 0.106605351170569 0.0869115364718055 0.0936182199282536 0.120902740462117 0.124364420769959 0.0974727546035325 0.102761455488427 0.103306606060124 0.138224582035192 0.0916954199555703 0.136465209900551 0.0911866476694484 0.0779838326200666 0.156128024980484 0.110730823434669 0.0953349434346002 0.129563122243942 0.0964860812308495 0.10587225964259
"тут" 0.202291347820419 0.193580378769096 0.162725756875665 0.212207428831916 0.204325466225693 0.10777122424769 0.129616322254384 0.103008992641594 0.0873549944107609 0.141281261987855 0.119642031043119 0.0705334780607095 0.0975254262718494 0.10455466248448 0.0608149199270221 0.056438127090301 0.066218313502328 0.134213731224576 0.0671681891456206 0.103453588959081 0.11978579481398 0.0786228585616155 0.0627786298365372 0.0987318443108517 0.0501016212128374 0.0477628234651928 0.0618766537756971 0.0304327151688065 0.0420344682639765 0.128850412723978 0.0635566289564002 0.068191116970496 0.151248451659169 0.0766661190515306
"были" 0.0970419114842584 0.106326168634257 0.0830370117390227 0.0869788473730816 0.096390827287262 0.071012046984912 0.0745461749753192 0.0704112101600768 0.131772788178944 0.134731799511597 0.115919834521778 0.0958748474238386 0.0803780985757001 0.126336883835414 0.0976724471555203 0.18185618729097 0.08277289187791 0.140841569803567 0.171950564212789 0.0990513085778433 0.106867718902668 0.182073988247952 0.185157224707761 0.122866295142393 0.157867372500827 0.192757108984528 0.236108284144107 0.194959581550166 0.224183830741208 0.0563720555667405 0.0720308461505868 0.0545528935763968 0.0704087619792685 0.0401584433127065
"где" 0.0786956794623588 0.0657982568229932 0.0897335449437826 0.0812151888122148 0.122941594084951 0.0751892262193186 0.17998535939987 0.159077178509803 0.175450285384325 0.16092964941663 0.127086424085802 0.150358791554566 0.136106913588185 0.135049772375787 0.114258334408345 0.100334448160535 0.103466114847387 0.217890193284343 0.141053197205803 0.0715370561951091 0.0634160090191657 0.0868989489365224 0.094565277855037 0.14919478695862 0.117218887365884 0.0972314620541426 0.103399145125178 0.0770328102710414 0.0900738605656638 0.0865713710489229 0.0995720520316936 0.0954675637586944 0.0938783493056914 0.113173794790355
"без" 0.150149425231863 0.131596513645986 0.100782824731636 0.136755898580568 0.107357448355873 0.122809069491554 0.132302670902143 0.121698387930997 0.130292195053338 0.16654347439628 0.101562790796603 0.11192438135382 0.0985971342528588 0.108911106754667 0.0774008071798463 0.0752508361204013 0.157268494568029 0.109359336553358 0.0940354648038689 0.148576962866765 0.164411875234874 0.0882782973323402 0.096154610255962 0.070209311509939 0.069007893368625 0.0776145881309384 0.0740891512314268 0.125534950071327 0.108088632678797 0.124823837326354 0.0932163891360536 0.0931945265263445 0.0977899471934285 0.0967453407078838
"надо" 0.132285988789487 0.0910686018347224 0.1268993042302 0.133088115860016 0.129290690493094 0.137011478888536 0.154465047246157 0.117352016933461 0.1450981263094 0.108533949606564 0.0829518081898958 0.107700819793299 0.0814498065567094 0.02613866562112 0.00368575272284982 0.0731605351170569 0.12829798241076 0.138356130336446 0.126276195593767 0.0946490281966058 0.0481491920330703 0.12621037821733 0.156549241491112 0.105313967264909 0.069007893368625 0.112583798167955 0.0911866476694484 0.107465525439848 0.0940771432574711 0.0986510972417959 0.0338968687767467 0.0704641542028458 0.119955668557272 0.0821422704123542
"будет" 0.10911180097235 0.0891614059847806 0.0981042114497325 0.0890747232133968 0.101585542530288 0.131163427960367 0.112826643205888 0.0960547990455369 0.0991997394156099 0.0916924746676148 0.140379983090593 0.109390244417508 0.0996688422338681 0.178614215077654 0.119786963492619 0.0940635451505017 0.151060527677186 0.132556771579828 0.130306286942504 0.148576962866765 0.133878241262683 0.13241744599851 0.129530590675387 0.144806704989249 0.118164200973673 0.0921140166828719 0.104213311622227 0.094151212553495 0.0640525230689165 0.0805315079524864 0.0466081945680268 0.104559712688094 0.143425255883695 0.114999178577296
"этот" 0.114905347926634 0.14065569393321 0.140962023960196 0.145663370901908 0.128136309327977 0.105264916707046 0.0819336337566571 0.0986626216440583 0.0895758840991701 0.0729797247354485 0.0994358213558367 0.112346737509873 0.100740550214877 0.0871288854037335 0.127158468938319 0.0877926421404682 0.0703569580962235 0.0737347041912794 0.0953788285867813 0.0770399066716559 0.110390830514844 0.0979337361030649 0.103306606060124 0.0548510246171399 0.114382946542515 0.136465209900551 0.133523305515978 0.136947218259629 0.078064012490242 0.13086370042279 0.0656751832549468 0.0954675637586944 0.159071647434644 0.0730153514776482
"со" 0.120698894880918 0.111094158259112 0.124555517608534 0.113701264337101 0.1194784505896 0.167922605223145 0.10611077158649 0.113874920135433 0.0651460975266692 0.109469587103173 0.110602410919861 0.112769093665925 0.118959585892036 0.11108932888976 0.127158468938319 0.112876254180602 0.109674081738231 0.0737347041912794 0.137023105857066 0.0715370561951091 0.0610672679443818 0.103451129686336 0.108074603262899 0.0680152705252534 0.0945313607789384 0.0946727393685072 0.0732749847343782 0.0770328102710414 0.128105046137833 0.12079726192873 0.110164823524427 0.104559712688094 0.0925744833431123 0.0949199569209426
"потом" 0.0714537457695037 0.10918696240917 0.0991086914304465 0.117369047057652 0.101585542530288 0.0977459940851142 0.282066608014721 0.232096211268401 0.075510249405912 0.032747312381291 0.0834835505500875 0.0836265188983262 0.0568005229934947 0.13722799451088 0.164015996166817 0.150501672240803 0.103466114847387 0.11598717513235 0.134336378291241 0.121062710484031 0.055195415257422 0.0779331843637066 0.0969492764564245 0.059239106586511 0.0642813253296781 0.0784674956928168 0.0512924893140647 0.070375653827865 0.0820672951820493 0.0926112341453594 0.0953349434346002 0.127290085011593 0.127778864332747 0.0675392001168246
"ним" 0.0936623424275927 0.118722941658879 0.113171411160442 0.0990301334548941 0.105625876608197 0.12030276195091 0.0960369641573932 0.105616815240115 0.104381815355231 0.0720440872388402 0.072316960986063 0.0967195597359429 0.113601045986989 0.145940883051254 0.114258334408345 0.117056856187291 0.0807035695809622 0.0869903813492622 0.106125738850081 0.0660342057185622 0.0739853438556933 0.118623962040332 0.142245249882787 0.0987318443108517 0.0945313607789384 0.116848335977347 0.113169143089762 0.109367570137898 0.128105046137833 0.140930138916851 0.122876149315707 0.16138564349684 0.147336853771432 0.129602248872826
"тебе" 0.0357268728847519 0.0719966433353041 0.144979943883052 0.0922185369738697 0.121210022337276 0.197998295710872 0.130959496578263 0.129956492826315 0.123629525988111 0.181513674342013 0.0877374894316206 0.143601093057732 0.124318125797083 0.0566337755124268 0.11241545804692 0.100334448160535 0.117951370926022 0.0961036593953754 0.100752283718431 0.128766701151196 0.0528466741826381 0.0924163425197937 0.0619839636360747 0.162359032866734 0.0661719525452569 0.0690855125121539 0.0382658253612864 0.0342368045649073 0.0680558057607238 0.0704650694584256 0.0720308461505868 0.147747420102741 0.134298194145642 0.175236843546356
"человек" 0.134217171107581 0.147807678370492 0.11183210451949 0.115273171217337 0.145452026804731 0.0701766111380307 0.0738745878133794 0.0499832664716595 0.0843938081595487 0.0898211996743982 0.116983319242161 0.0760241080893875 0.0664458948225787 0.161188437996907 0.154801614359693 0.146321070234114 0.157268494568029 0.106873897086236 0.137023105857066 0.0638330655279435 0.123308906426156 0.075174487572071 0.085029283449487 0.100925885295537 0.0850782247010446 0.0793204032546953 0.105841644616324 0.148359486447932 0.078064012490242 0.100664384940608 0.131350366509894 0.120470973314543 0.121259534519851 0.124126097512002
"тебя" 0.0560042872247462 0.0982205862720043 0.152680957068526 0.116321109137495 0.0998539707826127 0.249795318217514 0.150435524274518 0.13299895252459 0.113265374108868 0.159994011920022 0.0781661269481711 0.114036162134081 0.126461541759101 0.0740595525931735 0.0976724471555203 0.0982441471571906 0.132436627004656 0.122615013711341 0.0765717356260075 0.0968501683872246 0.0481491920330703 0.0937956909156115 0.0659572946383871 0.14919478695862 0.0472656803894692 0.0417924705320437 0.0203541624262162 0.0418449833571089 0.0300246201885546 0.0885846587477351 0.0847421719418669 0.156839569032141 0.110828606819219 0.118649946151178
"там" 0.0989730938023531 0.0910686018347224 0.111162451199014 0.117369047057652 0.121787212919834 0.109442095941453 0.218265827630439 0.165596735006107 0.129551898490535 0.095435024654048 0.124959454645035 0.0798253134938568 0.103955674157905 0.113267551024854 0.0792436835412712 0.0543478260869565 0.049663735126746 0.20049211701449 0.186727565824825 0.0968501683872246 0.0622416384817738 0.060001655218075 0.0595999650346872 0.0877616393874238 0.0765704022309401 0.0503215461508282 0.0569916547934053 0.0494531621493105 0.0420344682639765 0.0865713710489229 0.0423710859709334 0.120470973314543 0.083447421605059 0.0638884325429422
"кто" 0.107180618654256 0.0863006122098678 0.0880594116425926 0.0702118406505599 0.0865785873837683 0.0718474828317933 0.116856166177527 0.149080525215471 0.0792117322199273 0.0561382497964988 0.102626275516987 0.138532819185106 0.116816169930017 0.0762377747282668 0.0737150544569965 0.186036789297659 0.115882048629074 0.16238204518529 0.118216012896292 0.0902467478153684 0.0939496429913566 0.052415239041077 0.0643679622374621 0.100925885295537 0.086023538308834 0.0929669242447504 0.0895583146753511 0.0884450784593438 0.0580475990312056 0.0845580833501107 0.0932163891360536 0.111378824385143 0.0990938131560076 0.080316886625413
"дело" 0.0835236352575956 0.110140560334141 0.0746663452330728 0.0775474060916631 0.122364403502392 0.131998863807248 0.0873063310521756 0.0678033875615555 0.148799609123415 0.148766361960722 0.10688021439852 0.128818627595907 0.0707327267466161 0.0566337755124268 0.0774008071798463 0.112876254180602 0.140713916192447 0.125928933000837 0.115529285330467 0.10455415905439 0.11391394212702 0.104830478082154 0.092975945454112 0.0460748606783975 0.0983126152100959 0.0955256469303857 0.0879299816812538 0.0551592962434617 0.0400328269180728 0.0785182202536742 0.0699122918520402 0.068191116970496 0.10952474085664 0.071189967690707
"тогда" 0.122147281619489 0.106802967596743 0.219646289116125 0.275083704041373 0.145452026804731 0.146201273204231 0.0718598263275599 0.0743229440578589 0.0843938081595487 0.110405224599781 0.0260553756493904 0.0646204918759793 0.0610873549175321 0.01960399921584 0.020271639975674 0.106605351170569 0.126228660113813 0.0687638252570359 0.0859752821063944 0.0759393365763465 0.0892521608417888 0.0379320808849899 0.0484746382282122 0.0504629426477687 0.0302500354492603 0.0554389915220988 0.0586199877875025 0.101759391345697 0.0720590884525311 0.0322126031809946 0.0550824117622135 0.0636450425057963 0.056066236390899 0.062063048756001
